         x          y          z  Frame
 59.574543 -17.631807 -20.512813      1
 -0.734754  -4.030388 -17.486022      1
  1.064149  -1.160493 -19.419832      1
 10.541427   8.558784 -15.618250      1
 17.143696  12.204780  -4.682014      1
 -1.428988  -9.710663   5.644247      1
 30.722759   3.171244   7.925327      1
 27.036353  12.760454  -4.175069      1
 36.598532  -6.339585 -21.071740      1
 67.025713 -25.792134   9.473192      1
 62.202264 -35.469402  -7.150587      1
 54.770088 -16.722542  20.014090      1
 62.639769 -10.362806  -5.164904      1
 48.374375   1.470275  -1.218802      1
 51.368928 -23.692270 -19.909960      1
 32.918995 -15.528860 -21.436345      1
 19.856474  13.406512 -18.516649      1
 62.735417 -37.869872   1.616876      1
 64.156636 -12.273108 -13.329200      1
 42.004034  -3.061502 -11.916590      1
  5.765158  -6.292799  12.597620      1
 -3.524354 -11.704570  -6.025468      1
 -0.831714 -10.016650   6.702327      1
 13.247966 -12.250740  22.146782      1
-10.567026 -20.640476  -2.796939      1
 -4.935667 -12.125271  12.473605      1
  8.559948 -12.576907  26.131603      1
 15.625992 -29.716289  27.149821      1
 -3.846824 -33.480516   1.082388      1
  0.467577 -27.541739  -5.302257      1
 17.301629 -28.082153  17.661642      1
  6.846242 -36.614898   3.893045      1
 11.566950   0.759706  12.138693      1
 33.905003  -9.863487  18.897238      1
  9.762662 -42.566999  12.320269      1
 38.026674   7.502515  -3.007403      1
 21.437051 -12.742894 -31.559603      1
 29.439942   4.954682 -14.753887      1
 44.469331  -9.058032  27.535540      1
 49.927259 -10.199783 -22.370619      1
 60.721036 -19.665812  13.940979      1
 60.178140  -1.405847  -4.131376      1
 43.232990 -18.966195 -21.497525      1
 53.770664  -4.197867 -14.037064      1
 12.851993 -10.373905 -32.435265      1
  0.866673 -13.967006  -9.975084      1
  8.828742 -11.812021 -26.745727      1
 34.586969 -22.378666  21.896822      1
 22.542445 -24.705213  18.250335      1
  5.410718   4.035252 -19.242421      1
 68.739084 -16.935071   2.987372      1
 55.335047  -2.244811   9.065192      1
 16.192309   5.869901  10.656089      1
 59.444744 -30.311498 -13.412536      1
 64.501143 -24.258757 -14.953613      1
 43.479790   2.867501  12.279938      1
 61.027937 -11.217050   8.491782      1
 59.656686 -33.993595   7.017952      1
 46.365928 -30.258856  20.562698      1
 37.830494 -26.416848  22.810233      1
 54.745421 -31.922207  15.786143      1
 10.051874  -2.406116  13.248828      1
 24.288231 -13.690948  16.608908      1
 -4.438123  -8.763159 -14.095305      1
  0.149926  -9.331441 -21.057995      1
 27.469779  -0.023914 -23.990113      1
 15.845453   5.480369 -24.262201      1
 68.278900 -28.837389  -0.583773      1
 66.036307 -32.380812  -3.109761      1
 71.568875 -20.057188  -4.856714      1
 14.250433 -17.829243 -25.972272      1
  5.579751 -22.911672 -15.321734      1
  9.333806 -18.251156 -22.628518      1
  5.865203 -19.713381 -21.173365      1
 10.874037 -30.598680  -5.776256      1
 17.480293 -31.077020  12.341712      1
 15.580317 -33.698928   4.252322      1
 32.338235 -28.261763  19.988957      1
 24.426857 -28.866224  14.459315      1
 21.334147 -32.013223   4.944249      1
 29.020587 -29.959825   6.228533      1
 16.970584 -29.225224  -6.798569      1
 24.015039 -31.546527  -5.387429      1
 14.653592 -24.916491 -15.170614      1
 20.067198 -26.505892 -16.031165      1
 52.540494 -35.006628  -6.144424      1
 47.340920 -27.011188 -19.020557      1
 54.687346 -36.595034  -0.447187      1
 50.195839 -31.788268 -14.524196      1
 55.160159 -36.632706   5.858121      1
 40.640081 -25.559898 -18.290758      1
 50.676313 -34.701118   8.422104      1
 47.617761 -34.962084   1.177640      1
 44.855372 -32.977557  -6.115008      1
 42.533694 -29.922311 -12.898655      1
 31.617066 -21.024655 -20.438808      1
 37.695441 -32.951642  -6.186349      1
 40.885239 -34.718315   3.379642      1
 44.577943 -32.507067  14.548383      1
 34.099262 -28.844400 -13.575900      1
 38.209497 -28.381535  17.330010      1
 34.822940 -32.466297   6.482556      1
 31.051063 -31.840684  -5.514131      1
 28.132864 -27.035829 -15.093453      1
 24.045732 -19.911207 -22.098857      1
 52.989678 -52.695219   9.655067      1
 -6.155188 -39.522892  -9.432119      1
-10.110519 -39.555990 -42.157839      1
 -2.502580 -21.969004 -37.544228      1
 -6.053075 -51.095128 -40.114107      1
 38.333111 -50.662092  22.786923      1
 38.279434 -51.828282 -34.779372      1
  1.341192 -17.979341 -35.601110      1
 34.878397 -59.831915  16.285240      1
  0.286499 -19.772176 -22.913796      1
 16.231396 -42.444449  66.499043      1
 33.482640 -39.844548  60.145526      1
 19.897674 -33.418868  41.347113      1
 -3.444067 -30.121389 -12.255239      1
  5.586164 -64.823953  32.087382      1
 27.065626 -52.066417  42.589390      1
-10.768702 -49.931550 -16.578520      1
 55.383284 -54.847971  -0.289866      1
 -7.554030 -41.529627 -10.333430      1
  7.976342 -36.972946  49.821103      1
 13.594178 -34.858553  42.766356      1
  3.964866 -54.126677  10.336892      1
 23.756924 -68.637959  38.198462      1
  7.139996 -41.066796  58.690636      1
 23.618502 -42.740218  67.236699      1
 27.206924 -32.457495  42.416904      1
  5.792918 -52.486537 -43.509849      1
 35.638790 -51.494632  36.611294      1
 27.700974 -66.066688  26.627911      1
 14.889496 -70.222555  -4.830892      1
 47.598239 -50.361719  15.872889      1
 43.551227 -57.935465   7.776537      1
 18.040519 -52.978053 -37.304658      1
 46.717038 -56.360485 -12.345115      1
 39.382249 -64.740860  -9.884611      1
 30.707348 -51.755109 -37.637344      1
  1.539562 -21.325340 -18.264174      1
 24.438273 -27.832955 -26.974269      1
 35.050745 -31.551760 -26.901007      1
 15.805631 -20.369915 -33.779882      1
  6.431212 -17.647858 -36.953857      1
 47.548325 -34.959939 -27.105773      1
 25.997159 -68.480285  -6.745615      1
 -0.145217 -35.361800  -6.136383      1
  6.737636 -44.504673   5.981941      1
 58.832295 -44.674853   9.433084      1
 -9.438425 -70.968299 -29.859980      1
 44.379751 -42.665766  23.848219      1
-13.407772 -49.759002 -29.932697      1
 62.682954 -43.573760  -9.138110      1
 61.101126 -47.322073   3.597136      1
  4.890192 -73.785445 -31.938748      1
 34.494191 -39.646119  29.039673      1
 33.476169 -63.749038 -29.031748      1
 51.328637 -44.397314  16.238335      1
 42.138786 -57.149980 -25.231127      1
 13.881949 -40.861002  19.021651      1
 17.759437 -65.197738 -26.437153      1
 59.740373 -38.082134 -20.618805      1
 21.695224 -31.092840  26.492894      1
 31.647536 -36.429322  37.229180      1
 -1.313359 -19.051910 -31.154262      1
  0.540889 -18.076019 -28.698241      1
  8.895112 -24.992924 -26.968452      1
  6.220366 -28.870160 -18.172764      1
 12.528312 -26.128361 -29.336539      1
  4.885087 -25.107220 -25.470599      1
 10.012634 -37.298330  -5.353828      1
 13.547487 -40.215504   6.222844      1
 16.893914 -40.994422  17.798654      1
 23.117377 -41.850227  21.367272      1
 31.354033 -39.658555  25.387787      1
 20.186956 -40.407294   6.946879      1
 25.856798 -43.350809   9.129742      1
 14.876166 -37.258529  -6.678355      1
 21.123344 -40.826818  -7.534496      1
 12.410813 -32.102177 -16.076553      1
 18.244188 -34.481391 -18.288672      1
 45.030323 -37.254463 -23.721137      1
 53.261951 -44.725545   5.959418      1
 52.425810 -42.589711  -8.932349      1
 53.955619 -45.469608   0.685663      1
 49.269343 -37.978499 -17.909841      1
 38.348438 -35.456319 -26.359484      1
 49.077525 -44.988350   9.725714      1
 41.048295 -40.714001 -17.923293      1
 42.549159 -45.469210  -8.544818      1
 45.251320 -46.846248   1.061825      1
 29.001759 -33.706791 -26.438434      1
 35.723507 -45.135647  -7.746546      1
 38.829672 -44.228805   3.701299      1
 43.375643 -43.546589  16.470416      1
 32.990541 -38.534503 -17.826085      1
 37.038667 -38.606897  21.403321      1
 32.572543 -44.122616   8.242926      1
 26.964554 -45.739523  -6.540789      1
 25.494567 -37.030736 -18.883996      1
 20.287529 -29.719368 -29.258627      1
  7.783711 -54.451830  28.987261      1
 21.830292 -51.173022  52.863230      1
 30.523347 -38.165214  45.674059      1
 18.001440 -37.355893  30.813346      1
 18.745040 -60.015469  48.134996      1
 24.095681 -33.740302  36.143094      1
 29.960120 -66.192100   5.686949      1
 40.987050 -61.820688  -0.167321      1
 21.995160 -68.439651  12.101105      1
 47.615585 -57.790366  -3.597930      1
  8.816035 -74.437749  23.044825      1
  6.459444 -65.059498  -2.239749      1
-15.797289 -61.443508 -22.783653      1
-13.992855 -47.096218 -41.815176      1
  1.283471 -32.697050 -36.454128      1
 20.944488 -39.142532 -28.321834      1
  9.448364 -34.262415 -28.063219      1
 31.309829 -41.006928 -32.486902      1
 -7.264419 -31.830778 -42.369294      1
 43.042404 -43.621846 -32.837873      1
 53.720140 -51.037044 -24.780367      1
 56.863875 -52.908735 -12.575390      1
 -4.536205 -32.576813 -41.548539      1
  3.838568 -63.189258   0.831876      1
 48.192229 -55.767657   4.017129      1
 11.755218 -46.174317  25.470619      1
 35.798193  -2.514562 -28.613505      1
 59.004305 -13.870546  29.369795      1
 52.481116  10.691675  -1.774407      1
 30.049516 -12.613043 -31.166389      1
 42.500425   7.683852 -20.380462      1
 40.806817  15.956446  -2.322457      1
 19.568322  -9.302436 -37.064139      1
 29.787929  14.235086 -20.985616      1
 48.215403  -7.594392  33.310629      1
 47.131399  -6.996376 -28.331527      1
 66.398616 -19.363154  22.067024      1
 61.435888   4.381370  -2.800448      1
 40.465762 -16.238233 -30.113962      1
 54.649084   3.808670 -21.136358      1
 59.396973   2.476070  15.523463      1
 47.119239   8.463422  17.126246      1
 68.371383  -5.397545  12.799622      1
 25.480354   3.670563 -31.602708      1
 58.532215 -13.539073 -26.351276      1
 74.123601 -24.950053  14.114547      1
 68.440283  -3.234210  -4.815528      1
 51.083876 -21.402176 -27.630658      1
 66.617962  -6.073809 -19.017780      1
 74.600729 -13.217289   5.418772      1
 63.926594 -29.384499 -18.091283      1
 69.078102 -24.243741 -15.119241      1
 75.712337 -28.280928   3.209731      1
 72.193263 -31.414020  -4.223357      1
 77.528297 -18.495067  -6.292384      1
 66.320807 -35.817067  14.737806      1
 50.211689 -30.153960  29.258550      1
 43.516290 -25.204941  33.440664      1
 59.467479 -31.963397  24.291301      1
 54.999202 -54.216794  11.870664      1
 40.744865 -52.913644  27.499436      1
 37.847631 -51.743519 -38.212222      1
 35.424388 -63.508911  18.609524      1
 57.366467 -57.441482   1.083347      1
  3.731223 -53.089162 -48.023211      1
 37.680078 -54.092890  41.437016      1
 28.507478 -69.957715  30.008904      1
 15.378741 -74.584485  -3.723857      1
 48.712126 -52.230851  19.383042      1
 44.189730 -61.031000   9.987940      1
 15.971739 -52.886429 -42.688284      1
 48.397767 -61.593451 -11.229399      1
 39.828468 -68.777691  -8.516647      1
 28.859646 -51.899633 -41.877702      1
 22.234834 -27.967834 -30.852769      1
 32.827682 -32.614292 -29.726903      1
 14.696346 -20.646856 -36.392683      1
 46.771317 -35.436918 -30.529276      1
 26.468007 -72.677465  -6.171863      1
 45.597126 -45.189877  27.422866      1
  3.109071 -76.873385 -34.842259      1
 35.363186 -42.264482  33.127332      1
 33.276939 -66.844537 -30.630384      1
 53.143154 -47.625522  20.222735      1
 42.504812 -60.346241 -27.660883      1
 16.674159 -68.588970 -28.565821      1
 66.965700 -46.412626  -8.631041      1
 63.154014 -40.827000 -23.162263      1
 -7.328207 -39.196564  -8.944802      1
 -5.375919  -6.883539   8.091798      1
  4.306774  -3.764354  17.652353      1
 -6.733633 -11.280477  -8.002460      1
 -1.393031 -19.057343 -22.310578      1
 -4.165885  -8.213206   8.176635      1
 12.968968 -11.584674  26.267620      1
 19.203140 -32.095085  39.012729      1
 -4.480503 -30.506611 -11.018760      1
-14.084259 -18.058463  -7.258034      1
 -7.493613  -8.426970  11.940840      1
 10.510345 -11.924009  29.211629      1
 17.723704 -31.062865  29.627556      1
 -4.730915 -35.891416   0.236280      1
 -2.325727 -30.154606  -6.674730      1
 18.417709 -29.106662  20.460454      1
  8.325892 -40.776580   8.405600      1
 -9.033114 -41.551215  -9.145795      1
  6.764935 -36.797408  47.409298      1
 12.665358 -33.828180  41.775717      1
  2.278285 -53.671211  10.625639      1
 28.132311 -31.751977  41.303910      1
  8.646615 -45.986337  12.404797      1
 -3.827209 -16.992670 -10.660038      1
 -0.130294 -19.167521 -18.500106      1
 -1.929064 -34.677362  -5.785713      1
  5.408008 -43.995000   7.330285      1
 23.511033 -23.384933  24.997393      1
 13.528777 -40.022587  20.575925      1
 22.517376 -29.623175  29.720170      1
 10.451167  -2.895070  18.867598      1
 21.820340 -11.526955  22.089350      1
 -7.055862  -8.925418 -17.208840      1
 -2.628255 -17.057689 -31.524000      1
 -4.207015 -11.267804 -27.023173      1
 -1.527058 -16.566833 -30.397629      1
 -3.735001 -20.415215 -39.117577      1
 -5.790896  -3.543820 -23.562432      1
  0.118272 -16.776706 -38.406224      1
  1.572247  -9.718939 -35.702461      1
 34.232445 -39.561835  58.766926      1
 13.705242   1.975451  18.812884      1
 35.816807  -5.529376  25.718189      1
 36.623386 -21.211209  31.275390      1
 33.287177 -35.022559  39.747741      1
 -1.539331   1.026758 -25.540250      1
 10.466776  15.814292 -16.229624      1
 14.424736  17.004059  -4.512503      1
 31.920712   8.955871  12.664837      1
 27.303138  20.624211  -3.912364      1
 18.346177  20.802697 -22.551481      1
  9.200634  -6.278642 -39.915366      1
  2.681485   7.519889 -24.874445      1
 15.775845  12.882936  10.778878      1
 12.849431  10.200419 -31.230048      1
-12.900517 -40.718653 -45.109020      1
 -8.677739 -52.060959 -44.647069      1
  2.438901 -64.269117   2.768828      1
-11.660727 -50.237994 -15.343090      1
  4.120851 -16.890555 -41.070464      1
-12.142611 -74.051495 -31.677327      1
-15.961346 -50.035019 -30.316723      1
 17.907440 -44.140012  69.081184      1
 27.954470 -54.778814  47.749200      1
 24.511227 -72.559726  40.737547      1
  5.365282 -41.849926  58.433230      1
 24.901097 -44.103254  69.788541      1
  6.088165 -53.580829  28.018429      1
 17.042914 -37.572276  28.442351      1
 10.783600 -44.527004  24.410549      1
 24.570493 -32.183153  35.610665      1
 22.716559 -53.156905  57.952345      1
 33.295414 -37.576837  47.594398      1
 19.192883 -62.041103  50.799383      1
  4.643311 -67.341640  32.998080      1
-16.181005 -47.442159 -45.268139      1
-17.952774 -62.548916 -23.134984      1
  6.242692 -70.116563  -0.729415      1
  9.118288 -77.771946  25.351087      1
 22.205459 -71.929171  13.994331      1
 30.858224 -69.334120   6.845357      1
 41.761187 -64.870868   1.296326      1
 64.289931 -48.762534   5.279314      1
 49.126828 -61.416461  -2.294988      1
 68.606772 -38.364723   5.065582      1
 66.859680 -38.958830  -4.652098      1
 60.192451 -47.272605  14.356237      1
  7.471432 -33.584651 -33.425414      1
 -0.820683 -32.238604 -41.610726      1
 19.450304 -38.086403 -31.966249      1
 29.852093 -40.259203 -36.003103      1
 43.050455 -43.259980 -35.205296      1
 58.058504 -55.738469 -12.263962      1
 54.565336 -53.757768 -25.888252      1
 -8.533385 -31.052872 -45.142376      1
 -6.060620 -31.931677 -44.778600      1
 49.325714 -59.416269   5.434844      1