          x          y          z  Frame
 104.373733  -6.867384 -19.625743      1
  31.800961   1.362449  11.828070      1
  36.449229   6.397182  12.091986      1
  50.645946  13.715338  20.632953      1
  56.056107  15.277564  24.473689      1
  36.929033 -13.206524  35.182391      1
  77.336696   6.687325  27.691424      1
  69.467131  12.033718  21.356534      1
  81.065040   4.710812 -13.449557      1
 113.560816  -7.188194  -9.853178      1
 108.843529 -11.879252 -19.352524      1
 102.571611  -7.741436   5.665575      1
 110.329475  -0.956959 -13.171807      1
  97.118675   6.010272  -0.973659      1
  96.307642  -9.379068 -22.246860      1
  73.160053  -5.567192 -16.619497      1
  58.259905  12.494157  12.064658      1
 111.846809 -13.056981 -15.009773      1
 108.823931  -4.719140 -16.738305      1
  88.191330   7.491773  -6.391741      1
  52.069490  -6.957561  42.728126      1
  33.652474 -11.125572  26.081642      1
  34.349295 -17.944379  37.217552      1
  51.849935 -17.905036  47.896942      1
  13.176853 -26.095207  35.616935      1
  24.665708 -24.785144  45.629471      1
  41.658495 -23.760891  53.479068      1
  48.973257 -32.705906  44.808862      1
  23.397752 -34.768696  33.286803      1
  33.019144 -24.361897  27.848637      1
  58.030508 -23.433382  35.177489      1
  42.340179 -31.336047  28.148589      1
  62.994086   3.386699  45.343284      1
  82.237781  -1.492710  32.298156      1
  43.151490 -39.105408  32.431093      1
  84.950388  13.885196   9.463669      1
  55.813488  -2.878623 -12.239004      1
  75.356598  13.519725   1.121080      1
  93.326857  -5.160699  18.035337      1
  94.252160  -3.896196 -16.725423      1
 109.142426  -8.559596  -3.107763      1
 104.549588   1.434944  -8.278280      1
  86.562132  -7.572152 -18.486918      1
  98.964497   0.617729 -12.051010      1
  41.995707  -0.295459  -0.129308      1
  33.147785 -13.029457  23.625486      1
  36.039929  -0.726302   6.185925      1
  85.307342 -12.088032  32.249018      1
  67.787606 -17.807946  34.439872      1
  42.571894  10.956809  13.882776      1
 114.263797  -3.155470 -12.435791      1
 101.103640  -0.035844   3.065991      1
  65.634969  12.315718  38.629273      1
 105.492264 -10.343657 -21.507691      1
 110.921292  -5.354783 -23.042135      1
  92.179875   6.632982  16.830627      1
 108.001542  -3.453245  -6.059351      1
 111.844982 -13.928767  -8.736139      1
 102.084438 -17.445286  10.224832      1
  93.175719 -14.232423  22.308173      1
 109.412976 -16.690077   0.178582      1
  58.157814  -2.269043  44.664982      1
  69.516970  -6.866870  38.239371      1
  28.840213  -8.691196  20.399690      1
  28.033578  -3.500092  16.352747      1
  66.014580  10.980835  -8.770482      1
  51.268716  10.658187   5.198022      1
 113.754960  -5.458575 -17.115971      1
 116.088445  -8.186825 -19.896313      1
 115.868409  -3.624710 -18.472789      1
  47.879969  -7.570395  -0.874521      1
  40.458843 -11.888518  14.266270      1
  43.232983  -6.455474   7.274058      1
  37.061388  -9.183168  12.120159      1
  47.190635 -22.512260  15.541055      1
  59.606315 -22.575405  26.918750      1
  54.795689 -25.263299  20.430031      1
  81.593542 -18.133668  24.464777      1
  68.758623 -18.680662  25.539009      1
  63.636749 -22.639207  16.162227      1
  72.219963 -20.492459  13.204114      1
  55.047226 -19.860796   9.460282      1
  64.368935 -21.870048   4.517895      1
  50.716929 -13.733837   7.107803      1
  56.987722 -14.078674   0.509983      1
  99.197725 -16.581164 -14.944013      1
  90.197007 -13.104142 -19.549263      1
 103.579985 -16.866893 -11.865970      1
  94.945959 -13.393926 -17.996511      1
 105.703645 -18.489013  -7.731497      1
  82.900147 -11.662752 -16.335894      1
 102.554818 -19.726698  -2.581696      1
  95.426332 -21.442418  -6.993344      1
  89.324026 -20.263184 -11.228081      1
  85.312681 -16.576032 -15.454267      1
  71.320794 -10.511710 -12.670234      1
  81.155684 -21.693301  -7.046219      1
  87.882203 -22.538516  -0.757045      1
  96.969789 -22.522310   7.633219      1
  74.981586 -17.287126 -10.494126      1
  87.855436 -19.466494  16.967946      1
  80.516041 -21.916158   7.169655      1
  72.549321 -21.840842  -1.910034      1
  66.761707 -15.501932  -5.261431      1
  59.747960  -9.329243  -7.732522      1
 108.737477 -36.840400  -7.716869      1
  31.789368 -38.420594  27.035464      1
  -4.614924 -29.377001   4.702984      1
  14.598497  -4.812794   9.568507      1
   9.928532 -38.082428 -10.850132      1
 104.554844 -45.614861  14.180691      1
  74.754280 -36.254635 -33.376405      1
  23.705985  -3.361570   6.474059      1
  89.178549 -52.814345   7.309933      1
  27.324199 -11.745309  20.016871      1
  58.411035 -48.075134  52.645500      1
  73.181524 -31.430391  55.676603      1
  57.978792 -30.095779  45.063456      1
  29.386325 -26.777076  25.997360      1
  47.574315 -56.030154  39.524658      1
  93.302748 -51.667690  41.284892      1
  16.365670 -48.257240  19.900500      1
 105.408758 -37.228724 -17.742755      1
  28.379729 -43.509006  26.209379      1
  49.214269 -43.279376  45.882849      1
  51.215377 -37.015362  42.472264      1
  41.660795 -49.281346  28.602033      1
  72.814385 -57.968847  31.992237      1
  50.865128 -46.671030  48.484434      1
  67.734863 -43.149845  57.798619      1
  64.776034 -25.914126  48.706502      1
  22.910355 -39.368464 -29.151503      1
 100.092405 -50.261641  28.711697      1
  80.883027 -56.130617  20.675819      1
  50.214559 -52.409497   0.374496      1
 106.249965 -39.987445   2.040723      1
  97.265402 -49.862937  -4.687392      1
  45.695306 -39.136064 -31.995168      1
  92.571706 -43.774172 -25.714289      1
  82.901709 -53.460888 -20.990284      1
  62.365179 -37.029685 -33.343074      1
  31.069671 -14.465289  20.460178      1
  62.617015 -13.469470 -20.845847      1
  77.004403 -15.214487 -22.936832      1
  46.943754 -11.274183 -12.748671      1
  31.865743  -5.798353  -1.789208      1
  89.996324 -18.368870 -26.350973      1
  66.390782 -55.098918 -10.002516      1
  34.285525 -30.925386  25.626496      1
  45.300024 -40.613322  28.203891      1
 112.028401 -23.911526  -9.087608      1
   7.966632 -56.294631  -7.821991      1
 106.432685 -30.749458  13.031899      1
  -1.810800 -46.214705  11.522465      1
 105.897638 -20.315278 -22.099862      1
 111.735065 -23.267346 -14.768936      1
  27.134203 -57.864137 -19.167941      1
  97.145424 -29.518868  25.900725      1
  68.372709 -48.071039 -32.380252      1
 109.832102 -27.071948   1.693578      1
  82.603679 -41.803407 -34.012744      1
  57.023200 -35.867411  33.204117      1
  49.129268 -54.142240 -29.260320      1
 101.401371 -17.125958 -26.548795      1
  67.842845 -24.198410  38.521854      1
  91.229152 -24.404839  41.186546      1
  21.586725  -5.643398  13.879264      1
  25.249368  -5.780094  13.547533      1
  38.119623 -11.924934   3.457200      1
  37.887942 -18.425103  11.815165      1
  43.172822 -13.055126  -3.840357      1
  33.579078 -12.162309   9.500146      1
  45.785869 -29.040221  15.348842      1
  53.795777 -35.974355  20.410474      1
  60.121148 -34.580087  27.585818      1
  69.552144 -29.227690  27.370507      1
  80.760324 -27.335168  25.722558      1
  61.864397 -31.754887  15.744850      1
  71.499582 -31.619161  11.892537      1
  52.496639 -27.382873   8.604723      1
  59.054701 -30.076934   1.940336      1
  45.772066 -21.120590   4.752684      1
  54.221902 -21.776973  -1.986636      1
  86.724334 -18.930543 -22.613379      1
 104.565526 -25.991115  -8.183947      1
  95.783467 -22.144359 -16.957113      1
 102.998555 -24.581806 -12.681629      1
  91.465120 -19.663849 -21.687441      1
  77.473913 -19.106354 -22.185580      1
 101.518260 -28.412447  -2.660208      1
  82.164094 -24.983954 -19.769788      1
  87.380029 -29.258133 -14.913983      1
  93.869637 -29.456698  -8.296175      1
  66.257737 -18.459532 -18.273717      1
  78.246959 -31.639882  -9.594193      1
  86.129570 -32.212246  -1.417083      1
  97.243012 -29.916837   7.967359      1
  72.178747 -26.198793 -16.347466      1
  89.660907 -30.343602  16.895171      1
  79.059377 -32.795201   6.566269      1
  68.868940 -32.446022  -3.164474      1
  62.256015 -25.663018  -9.723420      1
  53.224401 -17.184293 -12.280989      1
  47.977852 -50.455650  38.761235      1
  81.668409 -50.843253  51.119328      1
  86.514060 -27.604871  50.138798      1
  61.200600 -33.102249  40.743404      1
  66.216894 -56.839022  45.412971      1
  71.800117 -26.935575  44.282235      1
  77.627525 -54.724124  -0.512513      1
  88.876439 -52.243614 -11.363875      1
  65.659496 -55.005012  12.206094      1
  97.129787 -45.278030 -17.856281      1
  53.728513 -52.211042  25.871594      1
  34.477942 -53.531639  13.592945      1
   4.973911 -54.354407   5.851870      1
  -1.649312 -35.519449  -1.311927      1
  23.272090 -21.535074  -3.740629      1
  54.844172 -23.209523 -25.611643      1
  39.241144 -24.101060 -15.492052      1
  69.325125 -25.635384 -26.735810      1
  -1.806876 -13.826214   6.242540      1
  83.109204 -27.015055 -30.797910      1
  94.313586 -30.654634 -32.285556      1
 101.174100 -32.712060 -26.354132      1
   6.663680 -15.876435   1.878153      1
  28.760514 -54.931936  21.863049      1
  99.701186 -43.582771 -10.729641      1
  53.186543 -43.170813  37.018031      1
  78.048565   6.607239 -16.358088      1
 108.626027  -6.626297  10.037911      1
 100.395597  11.989058   0.765689      1
  69.070959  -1.620452 -19.458166      1
  88.564949  13.875145  -9.372486      1
  88.389545  17.782058  12.037946      1
  52.156564   0.842574 -14.158503      1
  73.660394  18.853688   0.321997      1
  99.379442  -2.671174  24.149821      1
  90.974329  -0.106828 -19.617975      1
 115.614945  -7.323731  -1.308182      1
 107.685864   5.711210  -7.221052      1
  82.588064  -5.267417 -22.309111      1
  99.659803   6.286458 -14.543570      1
 106.425842   3.772652   5.914769      1
  95.522190   9.600231  20.548753      1
 114.474506  -0.268633  -4.803317      1
  63.279039  13.530870 -11.204468      1
 102.824013  -5.346017 -21.968560      1
 120.879293  -5.279709 -10.757724      1
 113.824683   2.133085 -13.283074      1
  95.354788  -7.818473 -24.919725      1
 111.407751  -0.866138 -19.349971      1
 120.511243  -0.481823 -13.516876      1
 109.322369  -8.088882 -25.621571      1
 115.404152  -4.539328 -24.726935      1
 122.163586  -3.331810 -18.610549      1
 120.132992  -5.715464 -22.519324      1
 121.902997  -1.464433 -21.513473      1
 119.230533 -12.785216  -7.897868      1
 108.074065 -17.055480  14.434959      1
  99.770666 -14.648419  27.082425      1
 115.688948 -16.201737   3.391759      1
 111.585662 -38.061309  -7.588845      1
 108.831663 -48.393426  15.817396      1
  73.150875 -35.821684 -35.143507      1
  90.756094 -56.047646   8.035321      1
 108.214655 -38.859209 -18.467583      1
  18.392634 -39.786596 -31.890881      1
 104.853389 -54.059103  30.795960      1
  82.693066 -59.609137  21.780318      1
  50.687606 -56.322523  -0.223435      1
 109.869032 -42.193450   3.684478      1
  98.756671 -52.848488  -4.233059      1
  40.774212 -38.741141 -35.488654      1
  94.537555 -48.347161 -27.350222      1
  83.807582 -57.115659 -21.230968      1
  58.817030 -36.889164 -35.752222      1
  59.456658 -13.035862 -22.116443      1
  74.299732 -15.240607 -24.620244      1
  44.982654 -11.214121 -13.607934      1
  88.642077 -18.439518 -27.914447      1
  66.983597 -58.512453 -11.316184      1
 110.262885 -32.317510  14.895698      1
  23.256439 -60.447099 -21.679942      1
 101.967846 -30.548208  28.269576      1
  67.270365 -51.246305 -35.262622      1
 114.448305 -28.783993   3.224495      1
  81.782608 -44.454004 -36.593257      1
  46.660993 -57.113265 -31.301726      1
 109.967816 -21.104066 -23.946944      1
 103.467022 -17.966083 -29.514508      1
  30.079450 -39.339778  27.962620      1
  29.388506 -16.599148  41.044906      1
  48.065151  -9.020691  49.199514      1
  25.442462 -12.990160  28.505815      1
  25.148129 -11.922261  21.107457      1
  29.502807 -18.444903  40.557781      1
  50.122026 -19.749408  52.515670      1
  55.952238 -29.277124  44.315399      1
  28.477500 -28.390445  27.022555      1
   7.420727 -23.649719  34.596691      1
  23.352850 -22.158388  46.460300      1
  43.943671 -23.486102  56.225032      1
  52.344302 -33.131355  45.019616      1
  22.480958 -36.992965  33.168716      1
  28.509362 -27.968933  27.509163      1
  58.481305 -25.018064  36.251074      1
  44.262351 -36.388025  29.587265      1
  26.444830 -44.740429  27.358014      1
  46.978185 -43.708412  45.249051      1
  49.683809 -36.707683  42.109994      1
  38.978255 -49.989208  29.641898      1
  67.384573 -24.324440  48.410918      1
  42.806869 -42.810317  31.915718      1
  25.180050 -16.881166  25.652972      1
  28.535171 -13.375824  21.805797      1
  31.678511 -32.020332  26.499385      1
  43.814936 -42.106328  29.397324      1
  67.163254 -18.666493  41.179064      1
  55.247755 -35.951808  34.927864      1
  67.862733 -23.529065  40.949744      1
  57.029856  -4.800863  50.957168      1
  66.937996  -8.266269  45.381007      1
  22.692682  -6.220512  22.356888      1
  19.544545  -4.409978  14.470679      1
  20.184299  -3.026888  17.636328      1
  21.587847  -4.126477  13.810199      1
  12.011671  -3.090219  10.078973      1
  23.066070   3.406824  15.375979      1
  20.867913  -1.463911   6.048097      1
  24.090131   3.418267   5.779749      1
  77.669394 -30.181345  55.320827      1
  65.356325   4.439184  50.402069      1
  85.898440   1.482944  39.375333      1
  89.037583 -11.067954  38.924200      1
  93.093939 -21.786278  43.294334      1
  29.995345   8.552435  11.585935      1
  49.337034  17.812343  22.427934      1
  55.602242  18.342168  30.239745      1
  80.301056  10.809147  33.820228      1
  70.334954  17.556547  25.047200      1
  56.372298  17.963027  13.700535      1
  35.044741   4.987560  -1.160498      1
  37.826931  13.656396  13.731410      1
  65.264186  15.545253  43.277838      1
  46.193563  14.368178   3.630233      1
  -9.665731 -29.841231   3.405185      1
   5.054242 -38.381794 -13.740138      1
  26.219532 -56.755113  23.305025      1
  13.446362 -49.484644  21.753511      1
  27.714554  -4.108037  -2.151097      1
   3.855955 -59.154175  -9.597213      1
  -5.694031 -47.966857  13.087938      1
  60.154166 -49.588298  54.169501      1
  96.562569 -55.832230  44.204900      1
  73.846764 -60.914527  32.521065      1
  48.625899 -47.559756  48.376707      1
  70.399546 -44.856465  59.283570      1
  45.833928 -50.871811  38.485236      1
  59.377411 -33.304118  39.235749      1
  51.124532 -42.362045  36.815504      1
  70.875078 -25.308910  44.104548      1
  83.740903 -54.363262  53.148918      1
  89.815284 -25.903889  51.221524      1
  67.429532 -59.335156  46.467069      1
  46.143550 -57.824581  39.884664      1
  -7.153188 -35.575352  -2.480200      1
   0.769505 -56.381612   7.266023      1
  33.620883 -57.151278  13.382455      1
  54.304199 -55.003008  26.555812      1
  66.518131 -57.332148  12.389298      1
  78.677249 -57.588015  -0.934049      1
  90.425671 -54.819904 -11.639409      1
 115.265744 -22.434693 -15.286364      1
  99.036551 -48.721616 -18.734816      1
 118.112965 -10.832760 -15.925308      1
 115.858943 -11.213904 -21.750255      1
 116.104114 -25.169840  -6.551472      1
  34.921089 -22.822177 -17.623181      1
  17.723645 -19.970864  -6.355602      1
  51.875386 -22.577959 -27.077754      1
  66.387607 -25.022216 -28.570425      1
  82.605647 -26.846851 -31.890636      1
 102.881298 -35.302612 -27.935209      1
  95.128446 -33.002205 -34.894117      1
  -4.907393 -12.498307   5.521952      1
   2.789688 -14.449353   0.614084      1
 101.937655 -46.957347 -11.250822      1