         x          y          z  Frame
 -1.273250 -28.395588 -65.715794      1
-28.258171  -2.156205 -41.910427      1
-27.160237  -1.635484 -43.475400      1
-16.606101   4.924967 -44.258503      1
-15.903045   6.069044 -39.069205      1
-30.459698  -0.067545 -26.629723      1
 -3.314371  -0.946205 -37.328084      1
 -5.251115   4.730030 -44.744526      1
 -9.001250 -14.490783 -56.881731      1
  4.620489 -32.595485 -51.687595      1
 -4.807395 -39.034007 -61.628630      1
  8.892750 -23.371409 -38.954042      1
  6.384688 -25.888913 -58.172892      1
  4.962093 -12.359993 -52.967263      1
 -5.813939 -29.639018 -66.064918      1
-14.863471 -18.748316 -56.040522      1
-12.009949   5.631321 -51.781350      1
 -2.850512 -39.508132 -56.572354      1
  3.560846 -27.536657 -62.837067      1
 -2.636701 -12.676086 -55.578220      1
-23.668452   3.569560 -24.978836      1
-30.481646  -2.859424 -35.211365      1
-30.692958  -0.546766 -25.577059      1
-22.095443  -0.546100 -21.608870      1
-35.137110  -0.942564 -28.842292      1
-31.995314   1.369131 -21.943322      1
-25.585354   1.048113 -18.513310      1
-23.519048  -7.892282 -19.805309      1
-33.872520  -5.034379 -26.843831      1
-31.958844  -7.580518 -33.096456      1
-20.157878 -11.078429 -25.092008      1
-29.231678 -11.551071 -29.460555      1
-18.665137   6.172299 -29.514236      1
 -4.997394  -7.290617 -31.527880      1
-28.953200 -11.554534 -25.195527      1
  0.709514  -3.379659 -49.003935      1
-21.129637 -12.343961 -52.845480      1
 -7.149721  -3.278250 -53.162575      1
  3.947258 -15.717386 -34.417918      1
 -5.201371 -21.541266 -61.530455      1
  7.308658 -29.415102 -44.858408      1
  6.224383 -20.160515 -56.126755      1
-10.569772 -24.154758 -61.005698      1
  0.722107 -19.023117 -60.049440      1
-26.789377  -7.036143 -52.463938      1
-29.290486  -5.370991 -36.897613      1
-28.795278  -6.575048 -48.729882      1
 -4.651968 -15.411539 -28.643802      1
-14.492118 -12.012480 -25.791608      1
-22.573706   0.573236 -46.735909      1
  6.291695 -29.511390 -55.637316      1
  9.712945 -16.509707 -46.457378      1
-16.317759   6.134358 -33.341757      1
 -5.368937 -36.546943 -65.076064      1
 -0.525208 -35.487472 -66.973518      1
  4.809580  -8.733235 -41.120671      1
  9.888418 -23.930681 -50.224262      1
  0.205928 -36.899913 -49.936788      1
  1.791264 -27.777238 -35.599704      1
 -0.519819 -21.374817 -30.598621      1
  2.302367 -33.770065 -41.995280      1
-20.234968   4.599295 -27.235403      1
-13.183890  -4.418571 -27.427820      1
-29.953950  -2.823619 -38.899794      1
-29.935850  -4.328923 -42.692820      1
-12.907685  -6.838591 -55.489334      1
-18.527888   0.929441 -53.472926      1
 -0.037540 -36.268386 -61.989316      1
 -0.528705 -39.443607 -62.249307      1
  4.091650 -34.172674 -62.050857      1
-23.913653  -9.018145 -48.785803      1
-27.493762  -8.470426 -41.659812      1
-26.909149  -8.315448 -46.401114      1
-28.974287  -8.428345 -44.111127      1
-25.934078 -11.653968 -37.325315      1
-19.218507 -11.268766 -30.541593      1
-22.286697 -12.738118 -33.732012      1
 -7.809179 -18.226417 -30.632735      1
-13.771191 -13.561093 -31.380041      1
-17.643934 -14.318615 -35.634756      1
-12.961293 -17.366611 -37.691896      1
-21.610232 -12.393234 -40.649798      1
-17.992733 -16.293585 -42.472699      1
-23.705179 -10.737420 -43.769179      1
-20.308884 -12.739920 -46.478747      1
 -7.911634 -34.521671 -55.481810      1
 -9.893392 -28.704482 -61.315556      1
 -5.685784 -36.104053 -52.552417      1
 -7.237421 -30.646048 -59.761230      1
 -3.442497 -35.751522 -48.620311      1
-11.844373 -24.437260 -57.351430      1
 -3.591827 -33.471072 -44.381085      1
 -7.756774 -31.726016 -48.190560      1
-10.328940 -29.865193 -51.717863      1
-11.503109 -26.712475 -55.090203      1
-15.753714 -19.225518 -53.404385      1
-12.585704 -25.364620 -48.289269      1
 -9.600290 -27.276704 -44.005976      1
 -3.526938 -28.624331 -38.583348      1
-14.410099 -21.932855 -51.137111      1
 -4.924219 -22.798970 -34.228635      1
-11.112893 -22.133278 -40.069724      1
-15.309012 -20.792485 -45.358332      1
-17.079266 -17.617433 -48.684295      1
-19.313099 -13.254947 -50.934173      1
 -8.735691 -45.002494 -44.071941      1
-38.478884  -5.883309 -34.309034      1
-53.486029 -11.291799 -45.309848      1
-37.673267  -7.882474 -48.133279      1
-61.161202 -19.912752 -52.245226      1
 -6.951867 -45.042513 -28.588834      1
-33.315486 -43.391160 -69.757777      1
-35.002901  -7.554902 -50.000094      1
-20.116979 -46.359248 -30.613237      1
-32.976514  -7.617213 -41.474993      1
-20.671126 -24.179620   1.128697      1
 -9.940256 -23.549118  -5.602686      1
-18.283607 -19.391011 -11.790464      1
-35.797598  -5.763796 -35.766070      1
-33.742826 -28.616365 -13.564462      1
 -9.615004 -36.888878 -10.353703      1
-51.138057  -9.281424 -33.663893      1
-12.792504 -46.265559 -51.074679      1
-41.656350  -6.433859 -33.762819      1
-25.530599 -20.559541  -4.929235      1
-23.431462 -19.464447  -9.924697      1
-37.845172 -20.768116 -23.988129      1
-24.659601 -39.457922 -13.650823      1
-25.386147 -22.960126  -1.832841      1
-14.217952 -25.095236   0.703178      1
-13.947320 -19.045874 -12.200346      1
-57.303968 -29.872846 -57.351094      1
 -5.490814 -42.548605 -17.963180      1
-21.806635 -44.801901 -20.583035      1
-45.831278 -43.732792 -34.200072      1
 -8.083817 -42.996749 -37.036986      1
-17.252967 -45.617554 -39.452055      1
-48.654424 -36.482684 -59.924787      1
-22.399208 -45.594211 -54.890970      1
-29.638844 -45.601693 -49.465826      1
-39.558111 -39.989931 -65.738948      1
-32.000376  -8.164506 -39.979798      1
-23.185769 -21.878795 -56.186530      1
-17.021405 -27.018897 -61.317272      1
-30.134368 -15.035649 -55.189869      1
-34.821330  -8.950611 -54.026551      1
-10.714318 -32.948158 -68.172889      1
-37.892462 -41.984200 -41.614817      1
-33.898542  -9.293405 -33.407430      1
-31.104166 -14.358182 -28.407303      1
 -3.889720 -41.793969 -48.123762      1
-74.287089 -34.914727 -39.265575      1
 -0.260107 -36.983923 -31.378348      1
-60.530857  -9.733260 -38.077715      1
 -9.371168 -42.647211 -60.809006      1
 -6.194356 -43.718153 -53.091880      1
-62.325538 -41.030836 -46.264833      1
 -1.451504 -30.106324 -24.560818      1
-39.740265 -44.626714 -59.907185      1
 -2.269983 -38.748770 -39.568213      1
-30.457813 -46.187691 -64.266650      1
-24.012861 -17.426993 -24.152307      1
-50.801550 -41.873291 -52.488142      1
 -9.144495 -39.546234 -67.419801      1
-15.412382 -15.527568 -22.590344      1
 -5.282784 -23.291093 -18.727367      1
-34.222980  -7.342726 -45.777889      1
-32.891317  -7.844170 -45.410705      1
-31.061436 -11.026089 -48.032795      1
-30.878470 -11.256103 -42.201478      1
-30.734809 -13.378767 -50.876623      1
-32.129940 -10.282360 -45.549022      1
-28.781695 -14.105873 -36.678160      1
-26.302267 -17.926023 -31.371141      1
-22.446079 -18.461848 -27.211218      1
-16.539085 -19.255846 -27.799779      1
-10.393958 -23.009822 -27.799456      1
-21.530581 -18.672182 -33.854252      1
-17.240434 -22.584290 -35.670612      1
-25.693477 -16.151663 -39.738714      1
-23.805379 -20.044452 -42.232096      1
-28.417816 -14.075558 -43.721042      1
-25.918693 -17.528064 -46.599249      1
 -5.612335 -27.125471 -63.133238      1
 -7.181263 -39.406559 -47.499686      1
-11.661964 -37.214344 -55.778805      1
 -9.278795 -39.943549 -51.262804      1
-11.397675 -34.052455 -61.168853      1
-16.453088 -26.972713 -60.448480      1
 -7.332440 -36.850888 -43.250031      1
-16.101697 -31.516453 -56.711540      1
-14.784245 -34.299279 -52.120773      1
-11.498093 -35.879804 -47.250610      1
-22.017806 -23.125204 -56.130029      1
-17.782480 -30.147670 -47.934748      1
-13.457171 -31.552366 -42.227435      1
 -6.588346 -33.144772 -36.315806      1
-19.508261 -26.972116 -52.745466      1
 -7.278541 -27.684269 -31.968240      1
-14.848330 -26.919427 -37.724591      1
-20.853245 -25.167772 -43.977658      1
-23.224954 -22.090361 -48.935822      1
-26.984574 -18.121198 -52.789397      1
-31.485989 -24.363960 -14.945467      1
-15.207035 -30.805252  -6.738759      1
 -7.692459 -24.210759 -12.909333      1
-20.002640 -18.582722 -18.103596      1
-23.968735 -32.251106  -6.334499      1
-13.695396 -18.874688 -17.080302      1
-29.139427 -43.418225 -35.900486      1
-24.011908 -45.363574 -43.510126      1
-33.468489 -41.340730 -27.482382      1
-18.831260 -45.657794 -49.065245      1
-37.058318 -37.268307 -19.137484      1
-53.553520 -38.013578 -23.787556      1
-69.731478 -21.899677 -34.884956      1
-60.668380 -14.951923 -47.729581      1
-46.904214 -14.892498 -54.618552      1
-33.625837 -27.724543 -57.462794      1
-40.984237 -21.426125 -56.089538      1
-27.127935 -33.791920 -62.187428      1
-47.651345  -9.501646 -47.503266      1
-22.183965 -39.491319 -70.138444      1
-18.593558 -44.243842 -66.422051      1
-15.035128 -45.029207 -59.208725      1
-47.950008 -11.497742 -50.949356      1
-50.869204 -27.537506 -22.925154      1
-15.532208 -45.071462 -44.843165      1
-26.836244 -20.217447 -18.557748      1
-11.293307 -12.764476 -60.760429      1
 13.047219 -23.082489 -36.706480      1
  9.411452  -9.492118 -54.436263      1
-16.157920 -16.675688 -60.316565      1
 -0.856571  -9.700728 -59.755485      1
  4.859157  -0.606262 -50.970199      1
-22.229963  -9.315591 -57.558544      1
 -6.470857   1.287249 -57.575012      1
  7.994103 -15.524891 -31.665088      1
 -6.276660 -19.263055 -64.474007      1
 12.357442 -30.262574 -42.195043      1
 10.094316 -17.601574 -56.641333      1
-11.736146 -21.658804 -64.408726      1
  1.595966 -16.851843 -63.386205      1
 13.929802 -15.226673 -45.295159      1
  9.387061  -5.793551 -39.809330      1
 15.472212 -23.046196 -49.854299      1
-14.017265  -4.756272 -60.067163      1
 -1.325807 -26.783144 -68.549864      1
  7.292339 -33.431221 -51.270008      1
  9.273470 -25.184980 -58.016947      1
 -5.650399 -28.372320 -70.004348      1
  5.703302 -26.325580 -66.023539      1
  9.284541 -30.009885 -55.577937      1
 -3.347094 -37.877572 -69.387910      1
  1.012868 -37.487043 -68.149168      1
  3.554241 -38.440335 -61.676480      1
  1.015510 -40.850973 -65.214455      1
  6.900519 -36.052040 -64.509720      1
  3.340084 -38.050975 -48.315331      1
  5.519956 -28.528762 -32.003275      1
  3.110750 -22.345973 -27.816415      1
  6.581820 -34.539354 -38.473946      1
 -8.037601 -46.620089 -43.427407      1
 -5.277116 -47.835050 -26.399964      1
-34.311928 -43.458238 -71.961642      1
-20.381204 -48.708489 -28.839187      1
-12.553764 -48.250348 -50.967613      1
-60.307564 -29.356186 -59.253168      1
 -3.851435 -45.497979 -15.253163      1
-22.093481 -47.382247 -18.477366      1
-47.482522 -46.893611 -32.672928      1
 -6.763887 -45.265976 -35.041015      1
-17.789112 -47.820056 -38.111034      1
-51.342092 -35.897202 -61.795691      1
-23.745973 -48.536236 -54.487722      1
-30.884238 -47.667586 -48.316975      1
-42.291695 -40.127660 -68.026429      1
-24.506536 -20.840398 -57.789684      1
-18.052814 -26.654508 -62.664814      1
-31.182390 -14.829969 -56.308514      1
-11.130615 -32.996450 -70.284320      1
-39.365638 -44.263565 -41.011031      1
  1.627610 -39.071409 -29.421126      1
-66.084273 -42.487810 -46.806672      1
  1.145702 -31.818160 -22.028608      1
-42.588201 -46.535592 -60.897791      1
 -0.592595 -41.227204 -37.790825      1
-33.153993 -48.277007 -66.080106      1
-53.989266 -43.400939 -52.741061      1
 -8.793731 -45.475814 -62.079006      1
 -9.256647 -42.042811 -70.189324      1
-38.963816  -4.891608 -33.695536      1
-31.964946   2.345604 -24.319456      1
-24.778982   5.587943 -22.427522      1
-31.613532  -1.548596 -34.257166      1
-33.217144  -6.583583 -40.842594      1
-31.811776   1.361392 -24.197380      1
-22.416896   0.725272 -19.389800      1
-18.906911 -18.057691 -12.827020      1
-36.070701  -5.056602 -34.903421      1
-36.183582   0.202711 -30.583051      1
-32.807183   3.210093 -21.660566      1
-24.461807   1.766051 -17.468971      1
-22.037574  -9.461770 -19.073206      1
-34.931666  -5.388729 -27.063470      1
-33.584229  -6.602738 -32.635552      1
-19.715145 -11.490964 -24.166268      1
-29.099823 -12.371233 -27.450637      1
-42.300609  -5.493551 -32.706728      1
-26.777582 -19.712772  -5.584482      1
-23.884889 -18.283852 -10.324557      1
-38.862956 -19.827166 -23.227059      1
-12.812058 -18.522784 -13.467550      1
-30.118959 -12.520045 -24.867111      1
-31.336651  -4.421087 -36.007468      1
-32.046882  -6.937237 -39.624396      1
-34.534211  -7.949266 -32.813483      1
-31.318099 -12.827817 -27.423942      1
-14.227820 -10.142940 -22.606392      1
-24.381313 -16.799042 -22.883426      1
-14.821587 -15.230802 -20.935353      1
-20.668104   5.109359 -24.317879      1
-14.626250  -2.374112 -24.422745      1
-31.277946  -1.981064 -39.086056      1
-34.007502  -6.215758 -45.718864      1
-31.439665  -4.014052 -43.660844      1
-33.187902  -6.650111 -45.734736      1
-37.641247  -6.644306 -48.306787      1
-30.303978  -1.134925 -43.085100      1
-35.373240  -6.493832 -50.935943      1
-31.784067  -4.073040 -50.783828      1
 -8.415384 -24.017666  -6.655485      1
-17.110452   6.044637 -27.044083      1
 -2.419347  -6.112358 -29.759499      1
 -3.014126 -15.707541 -26.112238      1
 -3.453379 -22.491485 -18.033116      1
-28.135703   0.489862 -46.415502      1
-16.220194   9.139481 -45.280492      1
-15.525754   7.430504 -39.426163      1
 -0.669786   0.158244 -36.541479      1
 -3.121352   9.721836 -44.521870      1
-10.713127  11.057854 -54.494932      1
-28.284909  -3.134793 -56.256852      1
-23.528728   4.055683 -48.860248      1
-15.468211   5.939969 -34.253925      1
-19.598050   4.366119 -57.339558      1
-56.608725 -10.914239 -46.121522      1
-64.269027 -19.417967 -54.380120      1
-52.286101 -27.726522 -20.954093      1
-52.027226  -8.630309 -32.038579      1
-36.333265  -7.976761 -55.569620      1
-79.098693 -36.626011 -38.877637      1
-62.332540  -7.999854 -37.040161      1
-19.926075 -25.143598   2.432845      1
 -8.771681 -39.115639  -7.357011      1
-25.391178 -41.595419 -12.243000      1
-26.716858 -22.798011  -1.666955      1
-13.246509 -26.294782   1.802518      1
-32.527286 -23.248969 -15.041685      1
-20.976086 -17.950546 -19.175590      1
-27.376104 -18.905660 -18.877731      1
-13.435641 -18.033697 -17.475223      1
-14.483320 -32.604088  -4.185330      1
 -5.490612 -24.452459 -12.561520      1
-23.895113 -33.227330  -5.006735      1
-35.072067 -29.596985 -12.728991      1
-63.101610 -14.462903 -48.530661      1
-72.324324 -20.794214 -33.656687      1
-56.301851 -41.664469 -21.465302      1
-37.700944 -39.436538 -17.345711      1
-34.080459 -43.269162 -26.180054      1
-30.230196 -45.306354 -34.952278      1
-24.445358 -47.192023 -42.723530      1
 -5.202535 -45.502972 -53.571569      1
-19.650000 -48.194183 -48.581461      1
 -0.703903 -41.255762 -57.816916      1
 -3.400625 -42.965815 -63.030560      1
 -2.250497 -43.474962 -45.601374      1
-43.203513 -20.170358 -59.236130      1
-49.320828 -13.422096 -57.380923      1
-35.445743 -26.820479 -59.997750      1
-29.032984 -33.215228 -63.956258      1
-23.121721 -39.982562 -72.060012      1
-15.729554 -47.123087 -59.355553      1
-20.284908 -46.504748 -67.945416      1
-48.541911  -8.566259 -48.771829      1
-49.475227 -10.498974 -52.516078      1
-15.929229 -47.527234 -43.987419      1