         x           y          z  Frame
 41.543129  -59.187412 -39.347239      1
-11.853961  -12.530148  -3.088985      1
 -9.902983   -8.865470  -5.081504      1
  5.105616    1.658278  -7.094339      1
 11.076814    1.737248   0.810619      1
-14.280039  -20.808878  18.636490      1
 33.672712   -4.029698  14.871711      1
 29.606502    2.007853  -4.177371      1
 30.461438  -39.642147 -32.026642      1
 49.254992  -67.463714 -27.626841      1
 35.102356  -75.156225 -39.134616      1
 51.337757  -55.320296   1.014490      1
 46.668921  -51.884449 -31.690794      1
 45.586320  -31.443659 -17.463949      1
 35.016807  -64.723563 -40.345713      1
 18.664065  -47.762338 -37.431955      1
 17.999456    4.147690 -18.680993      1
 34.721485  -74.936783 -35.482812      1
 42.921456  -55.063479 -36.840777      1
 37.308246  -35.035280 -25.046369      1
 -8.640665  -16.864634  17.040367      1
-20.211998  -21.899703   7.741054      1
-14.070627  -23.376405  20.651773      1
 -3.068393  -25.789495  26.887154      1
-23.559843  -26.436903  21.627644      1
-13.701941  -22.939477  29.788077      1
 -5.083742  -24.887891  33.093900      1
 -3.974619  -38.849689  32.605598      1
-20.798069  -36.745465  22.819379      1
-25.520897  -40.867644  10.964578      1
 -4.714131  -43.145978  23.958627      1
-19.974862  -47.337931  15.771002      1
  1.628607   -8.609724  14.070859      1
 27.941291  -26.495225  29.619582      1
-15.411093  -47.132837  23.531967      1
 41.127368  -12.679298 -11.928416      1
  3.697957  -36.083760 -35.233620      1
 32.525837  -15.809433 -22.548944      1
 44.158945  -40.979510  18.286890      1
 36.389241  -54.084429 -32.203875      1
 49.222890  -65.470208 -13.964985      1
 43.064487  -45.054276 -24.592739      1
 29.332830  -59.047985 -35.561637      1
 40.361699  -47.859841 -27.439374      1
-13.782891  -22.343664 -33.473183      1
-19.938115  -27.381966   4.750197      1
-17.114322  -23.793061 -22.127215      1
 22.189357  -46.992904  25.565532      1
  3.177706  -45.329698  22.984652      1
 -3.707554   -5.595571  -6.578101      1
 43.458098  -58.653755 -31.701180      1
 48.366925  -38.004989  -8.503718      1
  7.589799   -3.215254  10.103628      1
 36.265624  -70.612387 -41.816755      1
 41.752523  -65.556498 -44.324272      1
 46.629322  -22.670892   2.277817      1
 45.266664  -50.699499 -21.821907      1
 41.134152  -82.040111 -24.675500      1
 34.789755  -72.177987   5.276363      1
 27.820848  -62.087817  20.189318      1
 38.679298  -78.007617 -11.680095      1
 -2.704540  -13.351521  17.589255      1
  8.801907  -29.684525  23.999472      1
-16.906986  -17.632444   1.860073      1
-19.256641  -22.230800  -4.995133      1
 20.776962  -20.114408 -32.737295      1
  7.538067   -3.143354 -25.733917      1
 38.829551  -69.884857 -37.258637      1
 41.070659  -73.191134 -41.579290      1
 45.176016  -63.746787 -39.326224      1
 -7.375996  -35.982742 -24.636219      1
-19.333126  -37.972761  -8.395294      1
-15.080084  -33.633664 -19.077671      1
-20.521956  -34.271509 -12.675339      1
-15.363348  -45.306456  -1.534640      1
 -3.994312  -45.797413  13.787767      1
 -8.983195  -46.819936   5.703708      1
 10.392517  -60.791992  15.980092      1
  2.818213  -49.049165  12.646032      1
 -1.223170  -51.393787   2.159906      1
  5.158287  -57.969574  -0.778534      1
 -7.761943  -46.526175  -8.537347      1
 -0.217174  -55.327680 -11.470073      1
-10.313747  -42.780491 -15.203995      1
 -5.641292  -46.372093 -20.322198      1
 27.211757  -74.521837 -34.958757      1
 28.940984  -64.042328 -36.559822      1
 30.580659  -79.403167 -29.986502      1
 33.791592  -65.676474 -34.032757      1
 31.800359  -80.636906 -24.172024      1
 23.490659  -59.419238 -34.159076      1
 27.380115  -77.881823 -16.582208      1
 22.342448  -73.697607 -23.166003      1
 19.237686  -70.544088 -29.093966      1
 19.900481  -64.907803 -32.474945      1
 11.062273  -52.063219 -34.395165      1
 12.371162  -65.956372 -23.925762      1
 15.943007  -71.618186 -14.537614      1
 22.353317  -77.520109  -2.390943      1
 10.450672  -59.795460 -28.684588      1
 14.440070  -69.473163   9.942396      1
  9.625307  -67.379929  -5.364221      1
  5.897217  -61.093086 -18.273599      1
  1.410457  -55.262062 -25.170869      1
  0.191895  -42.329194 -31.277758      1
 18.119868  -91.080674 -24.178292      1
-37.105777  -55.869902  14.276359      1
-62.792671  -48.244327 -16.121842      1
-37.178177  -34.003502 -17.074798      1
-67.229128  -58.751214 -39.931298      1
  5.754775  -82.792281  -1.665692      1
 -3.918631  -86.465531 -52.707998      1
-29.834268  -30.514619 -22.463432      1
 -8.770567  -86.830650  -6.956348      1
-29.908549  -38.776251  -4.221824      1
-13.318632  -65.705372  52.258485      1
  0.092134  -64.272624  54.264613      1
 -8.588586  -55.158893  51.298369      1
-32.779265  -48.004483   4.663838      1
-34.575444  -75.709345  28.302466      1
  0.287932  -84.129069  30.838551      1
-60.600230  -63.058549   6.069930      1
 18.185523  -95.565439 -34.433385      1
-46.296004  -60.096754  14.983660      1
-15.671681  -60.837693  51.402982      1
-13.436406  -55.906958  51.032082      1
-39.557557  -69.938776  18.299632      1
-22.290986  -80.214577  22.581561      1
-15.747844  -64.517895  51.836998      1
 -6.881864  -66.880867  56.359667      1
 -4.711308  -55.939609  49.344198      1
-53.573701  -74.254097 -51.183418      1
  2.297443  -79.589279  15.918931      1
-17.142351  -83.872371   8.826929      1
-43.541209 -105.928490 -14.191791      1
 12.341823  -84.840793 -13.580366      1
  2.026252  -90.600611 -19.600762      1
-32.217751  -81.336993 -52.571782      1
  3.333530  -95.140724 -40.116445      1
 -9.799085  -95.717183 -34.350392      1
-14.159179  -82.606870 -51.515828      1
-27.403997  -39.386271  -2.993343      1
  3.558463  -56.037567 -39.697102      1
 15.742508  -65.126587 -40.371261      1
-11.881576  -43.663827 -38.337249      1
-23.554237  -32.288306 -32.820569      1
 23.285240  -72.006086 -45.482274      1
-27.950615 -102.696270 -25.576255      1
-29.380544  -49.227800   8.730134      1
-24.968431  -56.176390  16.076758      1
 29.128338  -86.065470 -26.508912      1
-90.268459  -97.473160 -23.838811      1
 19.611467  -80.253665   2.374171      1
-70.631295  -58.770757  -0.970163      1
 26.127321  -82.079496 -42.278684      1
 28.079569  -86.225071 -33.693811      1
-67.423195 -105.867863 -39.543238      1
 12.044456  -73.051199  17.985059      1
-17.656289  -94.595875 -46.887993      1
 21.609656  -83.413996 -13.308985      1
 -2.319171  -92.778693 -50.435210      1
-13.967249  -55.989141  22.678657      1
-42.037671 -103.229732 -45.521845      1
 27.549041  -76.979739 -46.967170      1
 -1.076677  -52.411485  28.203260      1
 13.436227  -65.942408  34.189746      1
-31.880248  -33.875887 -11.477206      1
-28.885594  -33.128463 -11.576725      1
-23.111924  -42.455518 -23.082796      1
-24.544621  -46.139890 -10.525479      1
-19.312668  -45.051597 -30.187776      1
-26.792701  -41.909128 -16.074643      1
-19.694440  -52.423990  -0.856496      1
-16.177823  -58.196662   7.937741      1
-11.223179  -58.652779  15.900624      1
 -2.272189  -60.321468  16.607001      1
  2.450336  -68.928337  15.691008      1
 -7.711506  -58.209086   3.013305      1
  0.043885  -65.473356  -0.976050      1
-13.540789  -54.715708  -8.133163      1
 -8.339446  -61.377382 -13.037294      1
-18.593097  -50.458375 -15.633907      1
-12.573690  -56.219680 -21.985461      1
 21.506536  -69.262825 -39.685761      1
 22.129734  -82.902556 -25.482663      1
 21.442829  -77.430436 -35.268168      1
 22.140942  -82.856708 -31.304226      1
 21.753031  -73.353284 -39.868447      1
 14.397295  -65.262958 -38.561237      1
 18.451168  -81.776920 -18.548468      1
 15.562709  -68.881391 -35.076756      1
 14.194154  -75.046987 -31.411024      1
 16.059957  -78.266107 -24.824463      1
  3.515436  -59.774718 -36.804634      1
  6.674505  -72.137744 -24.588816      1
  9.572050  -75.217219 -15.932231      1
 13.743795  -80.547271  -4.358197      1
  6.621707  -66.022998 -30.999360      1
  8.056037  -76.606720   7.638309      1
  4.305744  -72.456689  -7.029270      1
 -1.403241  -68.511436 -17.001670      1
 -4.807712  -62.000175 -26.131512      1
-10.443397  -53.924788 -35.657655      1
-28.767683  -69.077611  30.060714      1
 -3.347884  -77.798146  45.357334      1
  9.394964  -68.191043  43.866300      1
 -9.510667  -56.123791  34.808716      1
-21.962144  -76.798490  36.567319      1
  0.212450  -57.136721  37.135025      1
-19.123227  -93.125838 -14.925947      1
 -5.730741  -92.742523 -25.320203      1
-32.274644  -94.607544   0.153763      1
  6.488489  -95.504412 -32.522598      1
-42.052442  -92.193069  13.967880      1
-63.746410  -97.357891   1.939769      1
-90.326232  -79.040772  -6.960285      1
-68.602955  -52.938330 -25.925335      1
-40.938040  -46.641261 -38.242849      1
-11.090125  -65.341583 -46.433452      1
-27.129680  -57.185189 -42.202313      1
  0.296645  -74.013520 -46.766460      1
-50.478974  -42.121261 -18.196998      1
 10.391866  -79.313300 -50.559683      1
 13.586139  -86.707601 -50.414264      1
 16.387667  -90.185926 -44.467387      1
-48.152966  -44.629630 -26.875949      1
-62.646504  -84.237622  10.020825      1
  8.610535  -91.763814 -25.952957      1
-20.631957  -58.324861  29.918194      1
 30.117849  -34.980200 -37.167980      1
 57.313081  -53.280619   8.493956      1
 51.931102  -20.664673 -18.311382      1
 18.190108  -43.603535 -41.050977      1
 42.457172  -23.919858 -31.245120      1
 49.192800   -2.636977 -11.340080      1
  2.308811  -30.079896 -41.169595      1
 35.529569   -3.392878 -28.193307      1
 50.996560  -37.652583  26.523639      1
 37.124328  -48.673453 -37.360969      1
 55.279050  -63.590511 -11.122805      1
 49.590589  -36.095157 -24.771978      1
 28.682633  -54.530598 -40.645248      1
 44.702823  -38.615584 -33.190426      1
 57.146897  -32.481623  -5.085847      1
 54.689692  -13.241555   9.195156      1
 53.762896  -46.993157 -19.053207      1
 21.245218  -16.187007 -38.078903      1
 42.474516  -56.653509 -41.606452      1
 50.810317  -68.342176 -28.766874      1
 49.286900  -46.576091 -32.632745      1
 36.919520  -62.194678 -43.916304      1
 47.434462  -50.543525 -40.106350      1
 50.332520  -56.177508 -33.467739      1
 39.986046  -70.260069 -47.244998      1
 44.427999  -66.264061 -47.373936      1
 45.581860  -70.799663 -40.210329      1
 42.971016  -73.218765 -45.101345      1
 48.322764  -62.327783 -44.598936      1
 46.188653  -82.328559 -24.465953      1
 40.838839  -73.316919  12.033287      1
 35.881747  -61.973369  27.942976      1
 45.514368  -79.520694  -5.682565      1
 19.372497  -92.861000 -24.212323      1
  7.600975  -85.204354   0.288145      1
 -4.564489  -86.087438 -54.870542      1
-10.306998  -89.688512  -6.249903      1
 18.452750  -98.206527 -35.335251      1
-57.968854  -73.221318 -55.232187      1
  4.207587  -82.832693  18.252370      1
-18.554998  -87.213374  10.194544      1
-47.070918 -112.351048 -14.162006      1
 13.208669  -87.104060 -12.047936      1
  0.551908  -93.249440 -19.121513      1
-35.920641  -80.023069 -56.751064      1
  1.528720  -99.972873 -41.314830      1
-12.194845 -100.592461 -34.350596      1
-16.966855  -82.360031 -54.822729      1
  1.372929  -55.135876 -41.269496      1
 13.891789  -64.987186 -42.271200      1
-13.647341  -43.883344 -39.454984      1
 22.515735  -72.156954 -47.517920      1
-30.483251 -108.022625 -26.389071      1
 19.121911  -83.048147   3.834046      1
-73.372246 -109.648749 -41.715491      1
 12.910757  -77.394701  20.279478      1
-21.084260  -98.970953 -49.323608      1
 21.991522  -86.807514 -11.986781      1
 -5.004704  -95.805940 -52.897706      1
-46.859793 -107.889279 -47.672193      1
 26.983922  -85.230253 -44.819624      1
 27.494092  -79.659376 -50.699221      1
-37.520183  -54.960042  15.988505      1
-14.830388  -17.969625  23.609864      1
 -8.107867  -13.699270  22.371328      1
-21.607456  -20.910647  10.414465      1
-29.941590  -36.843154  -2.512451      1
-14.319866  -20.417896  23.874951      1
 -2.422964  -24.634064  30.607956      1
 -9.221341  -53.110182  50.630114      1
-32.446488  -47.087527   6.944881      1
-25.778663  -23.180906  19.991878      1
-14.461935  -19.025006  29.616864      1
 -3.157967  -24.011233  34.663577      1
 -2.444962  -41.312516  34.216077      1
-23.434759  -39.632636  22.536002      1
-26.532921  -40.968216  12.180410      1
 -3.306482  -43.781048  25.554248      1
-18.916884  -49.549167  18.906243      1
-46.609396  -59.010959  16.948457      1
-17.448615  -60.475335  50.826918      1
-13.575795  -54.553497  51.284321      1
-41.156094  -69.506663  20.475932      1
 -2.314403  -55.544413  46.839883      1
-18.020634  -50.263492  23.697945      1
-23.004705  -27.698751   8.058772      1
-27.234347  -36.749287  -1.316464      1
-29.374326  -46.691897  10.186091      1
-23.837493  -54.020223  18.031668      1
  4.858115  -42.803556  29.490091      1
-14.702711  -54.924586  25.698319      1
  0.119505  -50.816258  32.008959      1
 -2.167150  -13.599315  22.791590      1
  7.244876  -26.604823  28.989691      1
-22.114683  -18.525838   3.368108      1
-31.251162  -30.755213 -10.538929      1
-25.839858  -24.218375  -5.478247      1
-29.467774  -29.898078 -10.956230      1
-37.422508  -31.671607 -16.441626      1
-18.799252  -10.547876  -3.328015      1
-30.617099  -28.441542 -23.441515      1
-23.262363  -18.660233 -22.704696      1
  3.587826  -65.690568  53.210047      1
  5.213446   -6.737549  22.636324      1
 34.351170  -19.986453  36.278416      1
 26.350656  -46.544131  36.321624      1
 16.141821  -65.658097  37.073063      1
-13.124020   -5.299974  -9.020195      1
  7.766126   10.719607  -7.433638      1
 11.567966   10.883787   1.254173      1
 37.996207    2.980340  18.662624      1
 34.632592   14.386306  -2.989395      1
 21.362904   14.822784 -21.312107      1
-14.989161  -16.571136 -36.271871      1
 -4.935952    1.721473 -11.504794      1
 12.685682    8.422647  12.952600      1
  5.638958    4.000252 -30.454179      1
-67.067313  -47.573688 -17.740140      1
-71.204504  -58.148550 -43.741755      1
-65.146321  -85.001991  12.207311      1
-61.978485  -62.522386   9.205556      1
-25.882815  -31.620245 -33.492340      1
-98.374062 -101.674005 -25.122288      1
-74.476841  -58.412255   2.051095      1
-13.568992  -66.983026  53.029517      1
  1.059002  -87.131330  34.340023      1
-24.212681  -83.126611  22.758479      1
-17.577044  -65.015432  51.795749      1
 -5.799538  -68.831519  57.957735      1
-29.926476  -68.657464  30.361079      1
-10.657419  -55.419689  33.170216      1
-21.006188  -56.891090  30.743700      1
  0.529616  -55.612227  37.543517      1
 -3.388147  -80.340901  47.454493      1
 12.586778  -68.498925  45.270915      1
-22.504241  -78.337508  37.521060      1
-37.267722  -77.845639  28.242935      1
-73.163803  -52.314164 -27.103031      1
-94.612614  -79.006724  -4.041120      1
-69.176464 -103.641654   2.284140      1
-44.061357  -96.036506  15.066813      1
-33.801525  -97.729789   0.389741      1
-20.656501  -97.137657 -15.011514      1
 -6.539904  -95.975388 -25.517316      1
 29.969456  -87.766242 -34.941800      1
  5.248065  -98.992617 -33.303372      1
 38.769316  -78.691781 -36.564486      1
 38.085640  -78.804768 -43.519503      1
 28.767012  -88.481022 -24.032981      1
-29.757636  -54.722686 -46.293547      1
-44.174612  -44.628969 -42.233236      1
-13.031801  -64.026152 -49.157797      1
 -1.362796  -72.637837 -49.174711      1
 10.316377  -79.318762 -52.087780      1
 15.708197  -93.679354 -45.755209      1
 12.267954  -89.632525 -53.003821      1
-51.781017  -40.370517 -19.846573      1
-49.689790  -42.424877 -29.393118      1
  7.571112  -95.476956 -26.437992      1