         x          y           z  Frame
 75.133707 -38.305873  -92.237344      1
  0.532715 -10.554196  -41.604814      1
  2.388012  -8.242175  -42.540627      1
 12.179964   1.634655  -45.949298      1
 24.681467   3.654316  -42.470879      1
  5.421803 -27.437837  -24.841625      1
 50.927333  -2.407227  -28.602112      1
 43.449359   0.181819  -41.132995      1
 52.339547 -14.563868  -86.071157      1
 88.055879 -49.929306  -70.414794      1
 77.581363 -60.991780  -87.766889      1
 81.888003 -37.943297  -46.004938      1
 84.880248 -31.500090  -77.585664      1
 71.815948 -10.654903  -63.020984      1
 64.516701 -45.692959  -94.378987      1
 40.832197 -29.599807  -91.081821      1
 28.909347  -0.357853  -55.297319      1
 80.712969 -63.561551  -80.825558      1
 83.097946 -33.588626  -86.573889      1
 63.042400  -9.425918  -76.444530      1
 13.911454 -18.911349  -26.477712      1
 -7.287756 -21.861968  -37.058941      1
  6.754631 -31.875183  -26.797062      1
 21.435367 -33.492810  -22.385625      1
 -0.692701 -39.864561  -40.197361      1
 10.383595 -36.458938  -27.240262      1
 19.284969 -36.981437  -20.308567      1
 22.016570 -51.538454  -20.941828      1
  4.080548 -51.340429  -36.901088      1
 -0.625400 -45.153729  -40.507099      1
 24.957301 -47.805348  -25.367363      1
  9.169581 -54.320405  -36.651040      1
 21.810803  -9.477282  -31.503759      1
 52.409891 -23.168011  -21.905709      1
 11.524004 -60.112550  -30.436143      1
 59.964221  -2.618679  -51.877742      1
 21.767609 -23.121883  -85.756715      1
 47.296042  -2.350560  -63.902030      1
 74.571166 -31.150355  -30.748016      1
 64.665707 -27.542340  -90.790956      1
 86.702259 -44.852305  -59.606929      1
 79.907204 -22.412129  -72.290404      1
 54.263376 -37.102412  -93.501444      1
 73.054145 -21.285466  -82.107245      1
  6.543930 -20.163117  -76.375015      1
 -5.225367 -27.937042  -41.648564      1
  1.029717 -21.662861  -64.903528      1
 54.984833 -44.600849  -19.746740      1
 35.358423 -46.001425  -22.861157      1
  8.531103  -4.386834  -43.201570      1
 89.114264 -40.542494  -73.516638      1
 79.843128 -23.246837  -51.460184      1
 31.419732  -7.051497  -27.181715      1
 73.050427 -55.565527  -91.283167      1
 81.937095 -48.892565  -91.512156      1
 70.881748 -13.857682  -39.310306      1
 85.138433 -32.242327  -63.103082      1
 82.041267 -61.616202  -71.055871      1
 74.885409 -56.236084  -44.457305      1
 66.721839 -51.592435  -28.820924      1
 80.416229 -59.065801  -58.803887      1
 20.912987 -16.513681  -27.573614      1
 35.146873 -28.816510  -23.679487      1
 -5.187267 -16.202592  -40.240649      1
 -5.593410 -20.181816  -49.519386      1
 36.753073  -6.846524  -77.482835      1
 18.759418  -2.911112  -63.262187      1
 90.122502 -55.098118  -82.523260      1
 86.037717 -58.609723  -85.445674      1
 89.995776 -46.743727  -84.318895      1
 12.552878 -30.071743  -72.280455      1
  4.033967 -37.780908  -56.641303      1
  5.886614 -30.771571  -64.734272      1
  0.743687 -32.902351  -59.406432      1
 10.399546 -47.185773  -50.580254      1
 25.772605 -49.105513  -34.692109      1
 19.471049 -49.948515  -42.749070      1
 49.442430 -53.817582  -34.398432      1
 36.020669 -48.894006  -35.200211      1
 29.748751 -50.520633  -46.801352      1
 39.430162 -51.751507  -50.067642      1
 19.902686 -46.644938  -56.434758      1
 29.781011 -50.204101  -60.403374      1
 13.690568 -40.475925  -62.231338      1
 21.255305 -42.103639  -68.011112      1
 67.347163 -59.502504  -82.008639      1
 58.230597 -48.540865  -91.133482      1
 72.023364 -62.845312  -77.343143      1
 63.653203 -53.781602  -87.313163      1
 74.230560 -63.030695  -70.985129      1
 49.509577 -45.341981  -87.742036      1
 70.767092 -62.367330  -64.831808      1
 62.997905 -60.070395  -71.332179      1
 57.951575 -56.847963  -76.574159      1
 53.314218 -50.944421  -82.203843      1
 37.380566 -40.613810  -84.549717      1
 48.657953 -54.114490  -71.819953      1
 55.268933 -58.383142  -64.958127      1
 64.878046 -60.033199  -53.340693      1
 42.463208 -48.689261  -77.820691      1
 57.795047 -56.974488  -42.248168      1
 47.520436 -55.739545  -56.384378      1
 39.460312 -52.426167  -66.733038      1
 31.954190 -46.149483  -73.600010      1
 23.788324 -35.740250  -80.570716      1
 70.501239 -79.311673  -72.096359      1
 -7.414199 -58.940068  -40.020204      1
-37.805534 -51.237498  -63.227279      1
-14.982296 -32.841267  -65.816056      1
-30.505325 -65.685983  -86.693821      1
 64.014546 -82.228522  -48.909471      1
 40.022694 -74.988523 -109.359324      1
 -8.538159 -28.474112  -69.082093      1
 48.057566 -90.035708  -58.200615      1
 -6.683579 -38.625085  -54.130883      1
 23.028339 -62.148816    1.723157      1
 45.846415 -53.598145   -6.018427      1
 34.083638 -55.764413  -18.205151      1
 -5.831278 -49.658057  -45.097988      1
  7.537333 -83.743619  -23.122625      1
 51.651055 -79.960082  -23.000517      1
-26.397247 -66.129133  -44.589477      1
 68.757252 -80.547968  -83.422093      1
-12.787270 -62.209190  -38.739245      1
 17.502238 -61.508215   -9.838474      1
 22.640182 -60.300663  -17.563952      1
  1.093222 -75.395361  -35.915983      1
 31.377958 -89.500010  -31.890915      1
 17.104155 -63.350994   -6.132980      1
 37.642503 -57.199399    3.096511      1
 40.931691 -51.978212  -13.844951      1
-11.197311 -71.903435 -100.015001      1
 61.321181 -83.357733  -32.783064      1
 39.868213 -87.654230  -44.335876      1
 10.055556 -92.746638  -69.119710      1
 67.271336 -79.227309  -61.547670      1
 57.396854 -87.834399  -70.054987      1
 10.557898 -72.855473 -101.880455      1
 55.028059 -83.027609  -92.720582      1
 43.974698 -91.366632  -87.591965      1
 28.185661 -72.876430 -106.440444      1
 -4.023404 -39.837721  -52.321301      1
 29.696593 -39.058739  -92.611895      1
 44.372042 -45.716863  -96.894557      1
 12.634842 -30.823897  -89.114701      1
 -2.607650 -26.591767  -80.255856      1
 58.283792 -55.507489  -99.559835      1
 26.137776 -93.214217  -79.132173      1
 -0.571217 -53.569177  -42.751568      1
  8.972202 -65.395174  -36.869298      1
 77.161633 -70.334719  -73.115215      1
-40.308626 -92.102539  -82.391850      1
 71.197409 -67.938214  -47.064112      1
-43.963883 -62.736796  -53.559499      1
 73.912107 -68.854576  -91.619399      1
 77.074489 -71.847594  -80.361593      1
-12.241947 -95.731479  -91.448732      1
 65.676289 -65.782230  -31.328716      1
 31.641303 -86.775811 -103.229824      1
 74.123652 -69.384227  -60.056532      1
 46.596619 -82.564969 -105.666349      1
 21.603316 -62.732420  -29.482285      1
 10.176801 -90.978796  -96.967784      1
 69.473351 -63.164382  -97.812246      1
 36.447953 -53.180975  -22.158369      1
 56.352209 -56.948546  -17.359185      1
-10.163890 -32.207555  -60.142309      1
 -7.654813 -31.411298  -59.761853      1
  2.372712 -39.952901  -70.767945      1
  1.506377 -46.233911  -60.033219      1
  7.184695 -40.453316  -78.197412      1
 -1.359370 -40.723820  -65.022358      1
  9.467797 -55.473658  -51.785859      1
 17.804521 -63.153283  -44.013419      1
 24.663565 -61.598847  -36.310147      1
 34.995897 -60.402082  -35.333128      1
 47.806359 -61.234190  -36.553125      1
 26.542550 -59.605626  -48.193041      1
 36.340612 -61.468615  -51.900156      1
 16.562235 -55.006883  -58.122042      1
 24.980182 -58.533005  -63.724079      1
  9.538765 -50.037037  -65.049331      1
 18.259947 -52.502980  -71.204476      1
 56.307701 -54.646504  -92.670147      1
 69.966867 -69.918280  -73.108879      1
 63.704966 -64.640919  -84.535441      1
 68.598469 -69.783889  -79.069484      1
 60.329908 -59.056440  -90.127960      1
 46.079425 -52.558250  -91.860794      1
 66.452798 -69.467991  -67.152281      1
 51.039175 -59.349085  -85.765621      1
 54.798365 -65.351239  -80.085138      1
 60.277957 -67.677826  -73.390877      1
 34.217480 -49.763914  -88.620740      1
 45.212697 -64.053379  -74.645284      1
 51.739981 -66.344233  -65.741737      1
 62.376439 -68.774302  -54.892624      1
 40.400301 -57.226403  -81.372159      1
 56.614513 -65.551947  -44.345718      1
 44.727332 -64.902967  -57.708266      1
 34.834275 -62.289056  -68.085065      1
 28.234351 -55.472191  -76.095795      1
 18.999731 -45.595749  -83.754190      1
 10.529824 -75.673223  -23.859963      1
 40.570577 -74.835947  -11.808700      1
 51.816379 -57.962078  -12.946087      1
 29.666148 -59.778549  -21.907914      1
 24.848405 -83.714084  -12.074497      1
 40.488715 -55.280475  -17.458626      1
 37.448028 -91.989671  -68.364225      1
 49.211390 -90.645722  -77.723625      1
 24.993797 -92.638586  -56.130777      1
 58.944957 -84.912723  -83.450121      1
 11.403642 -93.215881  -41.267982      1
-11.445855 -91.327985  -55.766261      1
-47.789103 -81.364746  -65.117102      1
-41.051723 -58.949367  -73.138454      1
-13.583537 -43.557323  -87.283407      1
 21.778157 -53.463421  -96.906043      1
  3.556480 -47.987778  -93.035285      1
 35.413274 -58.890050 -103.650121      1
-29.643375 -40.762245  -67.124822      1
 49.841744 -65.344717 -108.076324      1
 61.621808 -74.987473 -105.171637      1
 66.888267 -76.827191  -94.789343      1
-24.376052 -42.633655  -75.732607      1
-16.662976 -84.214818  -43.991173      1
 61.382691 -83.554366  -75.983737      1
 17.981218 -68.565136  -25.722063      1
 47.970267  -7.284005  -89.334335      1
 88.586969 -37.329322  -39.238556      1
 75.313446  -4.088490  -59.553749      1
 35.989777 -21.696091  -93.999251      1
 59.985453   1.405005  -77.607767      1
 63.242833   4.069385  -48.694708      1
 18.671112 -15.949161  -88.699383      1
 47.707086   6.145316  -63.096406      1
 81.393912 -28.427368  -24.325639      1
 61.670712 -20.783235  -95.040712      1
 91.263063 -43.954295  -55.990773      1
 82.716600 -15.047427  -68.971553      1
 50.073082 -31.109552  -96.366304      1
 72.472896 -11.224226  -85.758597      1
 85.353681 -19.778127  -47.205950      1
 74.321330  -8.441988  -34.062488      1
 91.179881 -29.541454  -59.753803      1
 33.154088  -0.362234  -81.510866      1
 74.080371 -33.638640  -96.735856      1
 95.445029 -50.537382  -69.333476      1
 87.562813 -26.066879  -77.209852      1
 62.697339 -42.573697  -94.447620      1
 86.463192 -27.849316  -90.311064      1
 94.755926 -39.283126  -72.867470      1
 74.834513 -55.419194  -92.683573      1
 86.580216 -49.955581  -92.815503      1
 97.115141 -55.967092  -81.997156      1
 92.180954 -58.968141  -87.781144      1
 95.337186 -45.967676  -86.562121      1
 88.004151 -61.854304  -68.090370      1
 78.539274 -54.993100  -38.971646      1
 71.765497 -49.062280  -24.656211      1
 85.549351 -57.847610  -52.794165      1
 72.526763 -81.463269  -71.580116      1
 67.076888 -85.616364  -46.533739      1
 38.660414 -74.442573 -111.825113      1
 48.557747 -93.290808  -57.691254      1
 70.687798 -83.345513  -83.572230      1
-15.717732 -72.050563 -103.876541      1
 64.404329 -86.745594  -30.470840      1
 40.596035 -92.100240  -43.539229      1
  9.861879 -98.106356  -69.687853      1
 69.617284 -81.524324  -59.186725      1
 57.515466 -91.717688  -69.266331      1
  6.475364 -72.036151 -105.608933      1
 55.861417 -88.970520  -93.602934      1
 44.142084 -96.275202  -87.282012      1
 24.855890 -72.370518 -109.484910      1
 26.590500 -37.550762  -93.673364      1
 41.716153 -45.305727  -97.551109      1
 11.041450 -29.962231  -90.414349      1
 56.895190 -55.619855 -101.338533      1
 26.062717 -97.903330  -80.383526      1
 73.183942 -69.596904  -45.802285      1
-16.392195 -99.410418  -94.111915      1
 69.058385 -67.597186  -29.829337      1
 29.957008 -91.037387 -105.853214      1
 76.209965 -71.836608  -58.457915      1
 45.417769 -86.266488 -108.652510      1
  7.392350 -94.746350  -98.951817      1
 76.982470 -72.035507  -93.040399      1
 71.264446 -66.559698 -100.530580      1
 -8.648318 -58.700698  -38.839436      1
  5.287862 -27.566319  -25.388678      1
 14.393934 -19.532532  -23.676369      1
 -6.422891 -24.353025  -38.027492      1
 -7.923442 -37.277791  -52.726935      1
  7.120903 -30.693108  -26.299016      1
 22.197373 -33.910120  -20.270679      1
 32.850368 -54.638121  -19.143474      1
 -6.246554 -49.932750  -43.625341      1
 -4.588408 -36.368952  -42.834307      1
  8.680939 -32.236134  -26.002080      1
 21.274982 -36.326753  -18.984579      1
 24.974683 -53.357437  -19.316284      1
  2.665042 -54.354063  -37.776844      1
 -1.580099 -47.952622  -41.720381      1
 26.286580 -49.439086  -24.243609      1
 10.609506 -58.834213  -34.389217      1
-14.482333 -62.026962  -37.093820      1
 15.181680 -61.499988  -10.645330      1
 21.444546 -59.280809  -17.874946      1
 -1.337097 -74.862607  -34.477380      1
 42.540007 -51.013772  -13.885295      1
 10.297255 -64.093902  -30.986369      1
 -6.661816 -31.382862  -43.512582      1
 -5.194521 -37.522331  -51.139170      1
 -2.268946 -52.756973  -41.881671      1
  8.002932 -65.028167  -35.281438      1
 36.526231 -44.147786  -18.822383      1
 21.253648 -62.054140  -28.247109      1
 37.659684 -51.743340  -20.102192      1
 21.784928 -18.020854  -27.648655      1
 33.723959 -28.235068  -20.873769      1
 -9.086739 -18.628885  -42.034781      1
-11.028265 -29.605448  -59.083281      1
 -9.724008 -23.222511  -52.401373      1
 -9.577331 -28.751074  -59.121397      1
-16.504421 -30.761456  -64.901546      1
 -5.454723 -11.091800  -42.929109      1
-10.276987 -26.468632  -70.060089      1
 -4.878735 -18.803073  -65.689255      1
 48.870328 -54.079796   -6.792827      1
 27.946694  -9.927757  -28.125540      1
 57.719612 -17.193221  -17.684506      1
 58.965986 -40.740315  -14.813188      1
 59.100197 -54.346496  -15.249212      1
 -0.723246  -6.087743  -46.069059      1
 13.468997   6.557429  -44.590421      1
 22.395974   6.667633  -36.945090      1
 53.703177   3.059928  -21.964630      1
 44.675219   8.033223  -37.509163      1
 26.218078   5.278428  -54.767823      1
  2.016229 -14.591632  -78.473424      1
  2.971181   0.626042  -47.046209      1
 30.869952   3.330035  -23.296102      1
 14.659696   2.231897  -65.526130      1
-43.082863 -51.653785  -64.803167      1
-35.094062 -65.842846  -90.112203      1
-19.675992 -85.169568  -41.871244      1
-29.173898 -66.029060  -41.850803      1
 -5.690682 -24.526041  -81.885343      1
-46.319222 -96.066192  -84.832540      1
-48.576325 -62.796640  -50.949756      1
 24.323931 -63.325380    4.034473      1
 53.166949 -83.252426  -20.708980      1
 31.392296 -93.382304  -31.089677      1
 14.548535 -63.976007   -6.171077      1
 39.751101 -58.541394    4.058816      1
  8.237986 -74.953233  -23.805431      1
 27.742652 -59.764524  -23.436868      1
 16.532387 -67.045924  -25.892542      1
 40.846091 -53.595964  -17.521558      1
 42.035981 -76.604962   -8.816421      1
 55.564339 -56.389432  -11.704547      1
 24.916460 -86.115377  -10.374839      1
  5.359147 -85.771111  -22.533992      1
-46.073717 -58.951718  -74.160423      1
-53.065960 -82.002037  -62.938222      1
-13.730156 -96.909177  -56.329053      1
 11.216327 -97.258230  -40.604542      1
 24.978764 -96.108756  -55.964376      1
 37.580255 -95.811163  -68.546554      1
 49.790733 -93.953795  -77.487144      1
 79.755408 -73.091398  -80.943475      1
 59.666094 -89.345692  -84.035002      1
 87.166774 -64.667029  -79.979831      1
 82.039678 -65.054004  -87.690949      1
 79.245780 -72.268050  -69.588169      1
 -0.353763 -45.989084  -96.794854      1
-17.856256 -42.132326  -90.682502      1
 18.757102 -51.655799  -99.803251      1
 32.418792 -57.123237 -106.392902      1
 49.260801 -65.149899 -110.343623      1
 67.750621 -80.332423  -95.958629      1
 61.868614 -78.452264 -107.676777      1
-31.820653 -39.174833  -68.561605      1
-27.225519 -40.725136  -77.894717      1
 62.255914 -87.489392  -76.144750      1