         x          y           z  Frame
 70.166077 -47.108807  -90.546660      1
 13.535813 -25.205305  -49.867722      1
 16.373273 -23.714181  -51.618642      1
 29.821853 -16.957314  -57.695834      1
 40.205734 -13.649426  -41.053383      1
 13.496645 -26.932599  -29.594330      1
 58.557720 -18.967918  -43.626335      1
 51.942249 -12.063038  -50.507232      1
 54.531643 -29.961635  -86.257229      1
 83.507534 -57.373417  -74.480975      1
 73.999380 -63.246151  -87.366483      1
 77.574317 -43.828547  -54.867941      1
 80.196482 -42.529424  -80.874812      1
 72.545668 -24.755299  -71.705754      1
 62.396748 -52.108887  -91.522277      1
 43.082554 -39.725682  -84.753992      1
 40.912390  -9.312490  -61.001612      1
 77.541494 -65.608757  -81.827068      1
 76.588193 -44.441531  -86.917837      1
 63.904542 -24.567094  -79.196607      1
 23.838445 -19.910134  -31.182108      1
  4.161698 -29.728229  -44.999253      1
 14.224740 -32.395017  -31.726676      1
 28.515851 -33.914196  -27.565838      1
  4.161050 -44.578955  -44.023107      1
 16.843291 -38.173210  -30.982007      1
 25.715051 -37.763721  -24.424167      1
 26.874376 -51.546753  -25.169327      1
  8.048685 -54.576039  -39.072223      1
  1.321012 -47.844191  -43.639164      1
 29.362576 -47.184356  -31.839922      1
 11.425263 -56.006912  -39.814446      1
 34.920719 -14.661272  -35.756529      1
 60.112435 -27.899704  -33.361404      1
 14.624135 -61.512901  -33.759576      1
 63.654496 -17.103859  -61.164692      1
 29.999761 -35.220734  -80.776888      1
 51.119687 -16.537472  -71.694463      1
 72.603702 -36.888280  -44.214375      1
 62.812956 -39.889089  -87.011422      1
 80.761082 -52.101164  -65.007389      1
 76.890604 -35.464998  -77.308593      1
 54.823802 -45.734729  -87.700834      1
 69.995941 -36.075206  -82.906999      1
 13.601862 -28.018314  -74.584132      1
  3.223402 -34.485685  -47.596396      1
  6.972923 -28.762023  -66.391442      1
 58.914087 -42.117194  -31.542250      1
 40.186873 -43.901320  -32.543952      1
 22.650618 -21.729252  -50.622918      1
 83.698452 -49.327036  -78.461166      1
 76.084233 -33.236055  -61.344857      1
 39.888077 -13.578851  -33.723180      1
 70.370805 -58.644074  -90.714461      1
 75.145534 -55.605873  -91.615137      1
 70.203668 -26.622206  -52.034885      1
 81.229579 -41.962701  -70.645488      1
 79.591167 -65.044139  -73.631394      1
 71.770912 -57.371758  -52.138673      1
 66.161534 -50.830491  -39.777264      1
 77.029281 -61.032088  -63.267767      1
 32.005450 -18.222587  -32.288555      1
 43.051981 -29.388837  -32.039354      1
  7.161437 -27.852148  -48.433340      1
  2.126291 -28.981685  -54.082263      1
 41.532925 -21.841062  -79.168127      1
 30.187001 -16.109704  -69.809101      1
 81.217387 -61.974955  -84.428425      1
 80.742311 -63.020664  -87.268700      1
 82.772977 -54.176032  -86.090162      1
 20.371304 -37.112969  -70.430534      1
  9.188087 -40.593248  -56.633435      1
 13.098743 -36.474096  -64.723102      1
  5.791466 -37.330739  -59.991504      1
 15.405880 -48.893748  -51.515009      1
 29.985466 -49.088763  -40.307596      1
 23.276228 -51.349418  -46.067726      1
 51.844460 -52.949703  -41.525513      1
 40.198553 -48.132475  -41.991317      1
 33.542364 -50.970671  -50.135480      1
 43.130888 -50.988621  -53.453353      1
 25.298743 -47.737427  -57.810206      1
 34.036321 -51.160005  -61.331543      1
 20.472033 -43.015245  -62.279713      1
 27.738915 -44.676472  -66.911070      1
 64.127254 -61.094773  -80.865577      1
 57.465351 -52.412883  -87.182118      1
 68.852169 -64.001807  -77.536927      1
 61.952140 -54.973293  -84.026423      1
 71.329297 -64.375011  -72.752174      1
 51.380191 -49.040601  -82.554482      1
 68.517964 -62.805013  -67.164893      1
 60.876532 -61.690312  -71.783899      1
 56.075465 -58.226507  -75.778722      1
 52.994623 -53.372123  -79.757913      1
 40.976011 -45.076690  -80.065218      1
 48.934035 -55.471201  -71.455996      1
 54.587412 -58.082242  -65.746164      1
 63.150568 -59.053288  -57.128386      1
 44.311284 -51.091491  -75.206891      1
 57.890628 -55.937492  -48.251381      1
 48.669991 -54.941594  -58.441529      1
 41.239855 -53.899875  -66.915011      1
 36.450750 -48.645391  -71.405941      1
 30.636895 -41.422610  -75.759501      1
 67.402605 -79.450414  -71.854563      1
-10.187386 -58.667630  -42.178808      1
-31.405577 -55.872118  -67.422277      1
-15.872877 -36.718624  -65.057485      1
-28.691891 -70.213881  -83.032867      1
 59.415446 -79.468790  -50.968361      1
 32.949388 -76.930709 -101.987223      1
 -7.057705 -33.912482  -68.283916      1
 43.188512 -85.256004  -56.742279      1
 -8.161239 -40.689065  -53.144926      1
 25.246696 -75.181486   -0.949904      1
 52.341899 -56.716891   -9.068557      1
 33.005283 -48.689648  -22.400932      1
 -8.942355 -49.993467  -45.867430      1
 12.242578 -87.134968  -25.875062      1
 51.087895 -80.003614  -24.378622      1
-23.302530 -68.338554  -50.620326      1
 64.687398 -80.685480  -81.770869      1
-14.350424 -63.304236  -43.185230      1
 13.621851 -62.969536  -14.956232      1
 18.612277 -54.159816  -22.515806      1
  2.164904 -76.686181  -38.264635      1
 32.727282 -92.750508  -29.569025      1
 15.233952 -70.144615   -9.627971      1
 42.868024 -70.689476    0.992202      1
 43.253960 -47.061024  -19.504326      1
-15.187728 -75.330845  -95.107917      1
 57.416076 -80.776189  -36.628379      1
 37.725421 -88.890441  -43.065225      1
  6.657213 -89.040840  -64.572181      1
 63.944402 -78.629639  -61.876017      1
 52.818630 -86.750774  -67.581462      1
  4.606394 -74.221097  -97.688612      1
 48.890159 -84.572416  -87.844555      1
 37.706439 -91.008510  -82.815358      1
 21.872817 -74.018087  -98.795210      1
 -3.681404 -42.371670  -52.059636      1
 31.717429 -47.271384  -89.765471      1
 43.131559 -53.417336  -91.772114      1
 16.201591 -40.502295  -86.925388      1
  0.919179 -34.377665  -79.006577      1
 54.358718 -59.821592  -97.872186      1
 21.752746 -90.608963  -73.201216      1
 -0.919965 -55.122575  -44.210964      1
  9.665606 -66.562125  -38.517144      1
 74.902728 -71.918159  -74.304136      1
-34.508401 -90.338389  -76.027304      1
 67.933158 -68.912674  -50.688135      1
-33.304744 -65.693459  -58.994940      1
 69.613487 -70.034961  -90.733472      1
 74.124324 -73.060948  -80.914860      1
-17.489682 -92.321875  -83.356687      1
 63.425051 -65.649624  -37.811194      1
 24.379873 -84.725579  -94.837298      1
 72.135561 -70.672311  -62.876321      1
 38.673632 -82.678389  -98.796591      1
 23.902988 -63.711760  -32.947870      1
  3.852721 -89.279981  -89.284569      1
 65.174380 -65.874387  -97.496941      1
 39.988328 -51.095656  -29.001942      1
 60.734198 -57.399906  -23.576905      1
 -9.846467 -36.155019  -59.539833      1
 -6.098760 -35.863795  -59.417350      1
  5.369842 -43.267460  -68.505207      1
  4.171714 -47.527059  -58.201121      1
 10.279733 -45.533810  -76.107765      1
 -0.041743 -43.233701  -62.941197      1
 11.268254 -56.583408  -51.554394      1
 19.259854 -65.191059  -44.735203      1
 26.969018 -64.313996  -38.458044      1
 37.449697 -61.515759  -38.797291      1
 47.928117 -63.434065  -40.212607      1
 28.588593 -61.501285  -49.493878      1
 37.831712 -62.794950  -53.012461      1
 19.429641 -56.265661  -57.797998      1
 25.544651 -60.673544  -63.768150      1
 13.043240 -51.468317  -63.372398      1
 20.866482 -54.504054  -69.505047      1
 52.666578 -58.432014  -90.101170      1
 66.492357 -71.735957  -73.420657      1
 58.540524 -67.559160  -83.535576      1
 64.730348 -71.445208  -78.584900      1
 56.130911 -61.885412  -88.286585      1
 43.601454 -57.027962  -88.697265      1
 63.180195 -72.217994  -67.740700      1
 47.044195 -62.421378  -84.209725      1
 50.427592 -68.295928  -79.220997      1
 56.574705 -69.945765  -73.115718      1
 33.336449 -54.668478  -86.006902      1
 41.942709 -67.440624  -74.174250      1
 49.062117 -68.922589  -66.241218      1
 59.998685 -69.395929  -56.445115      1
 38.543566 -60.627414  -79.917185      1
 55.004786 -66.352057  -47.109014      1
 43.846104 -65.982933  -58.552346      1
 33.921517 -64.960558  -67.955386      1
 29.213316 -58.366736  -75.006152      1
 20.435514 -51.087924  -81.965533      1
 13.284388 -78.458548  -26.696943      1
 44.107489 -79.427223  -12.508978      1
 57.127898 -58.660279  -17.416094      1
 31.885761 -58.439815  -26.222869      1
 28.395187 -91.012879  -12.066042      1
 44.456331 -53.831406  -22.953628      1
 33.219179 -89.372273  -63.738868      1
 43.879512 -88.856462  -74.179343      1
 21.615776 -92.820439  -52.313990      1
 53.792282 -85.641007  -80.308238      1
 12.702384 -94.569500  -39.930689      1
 -8.891781 -90.931405  -53.306302      1
-34.543700 -80.340255  -63.748361      1
-33.090039 -63.283943  -73.898518      1
-13.801307 -49.700672  -83.673587      1
 20.328604 -58.195030  -93.021306      1
  3.437494 -53.031783  -92.116283      1
 32.770629 -64.118099  -95.967784      1
-29.101339 -45.530552  -68.421200      1
 44.567406 -68.768670 -102.444382      1
 54.512044 -76.226901 -100.505491      1
 61.646942 -76.896511  -91.717483      1
-25.082079 -47.402620  -74.631120      1
-12.317522 -85.691439  -45.592443      1
 56.867738 -83.395792  -74.018686      1
 19.640231 -69.126728  -28.876920      1
 51.766328 -24.095052  -92.822537      1
 84.885409 -43.745039  -49.780540      1
 78.697668 -17.131959  -70.789878      1
 40.634059 -34.734356  -92.819456      1
 65.119287 -14.961057  -86.631948      1
 69.288759  -8.765000  -61.265239      1
 26.898376 -28.316177  -86.748805      1
 52.171837  -4.938351  -74.691377      1
 81.807599 -35.189925  -38.683328      1
 60.297096 -34.613968  -94.104096      1
 87.496379 -51.224862  -61.130880      1
 81.759515 -28.483111  -76.407456      1
 51.563694 -41.913405  -92.558065      1
 72.312700 -26.322124  -87.557573      1
 83.536238 -30.038583  -58.375160      1
 75.873944 -21.320704  -45.932596      1
 88.609987 -39.496951  -68.231188      1
 40.200043 -15.007808  -87.444148      1
 68.516531 -43.577604  -94.615246      1
 90.624945 -58.730177  -74.377453      1
 84.970927 -36.962323  -82.364634      1
 60.242091 -49.711681  -94.855500      1
 78.702046 -39.774943  -90.949850      1
 91.117580 -46.918769  -78.425463      1
 72.605481 -59.919981  -95.224361      1
 78.505499 -57.023607  -93.443238      1
 89.096085 -62.949788  -84.845073      1
 84.166449 -64.547172  -90.528547      1
 88.203067 -53.856228  -89.320569      1
 86.955985 -67.330632  -71.556180      1
 78.779507 -57.316127  -47.072089      1
 73.005011 -50.655438  -35.039341      1
 83.637357 -62.660717  -57.724815      1
 69.564381 -81.759118  -71.478973      1
 62.462795 -82.710085  -48.975635      1
 31.491632 -76.576432 -104.879141      1
 43.655475 -89.346545  -55.544039      1
 66.596027 -83.688348  -82.256903      1
-20.151336 -75.685977  -99.123381      1
 60.689333 -84.289576  -33.968100      1
 38.259378 -93.686429  -41.374512      1
  5.881979 -93.996954  -64.445258      1
 66.354852 -81.455680  -59.936178      1
 52.918383 -90.300058  -66.947376      1
 -0.040551 -74.127944 -102.221305      1
 49.230830 -90.497155  -89.101635      1
 37.217668 -95.848323  -82.839117      1
 18.024330 -73.909463 -102.431544      1
 28.911477 -46.220423  -92.303214      1
 40.397966 -53.047104  -94.662355      1
 14.105706 -40.153232  -89.090193      1
 52.790075 -59.782084 -101.272179      1
 20.978184 -95.264639  -73.772292      1
 70.982514 -71.450379  -48.850916      1
-22.005396 -95.471798  -85.293132      1
 67.154609 -68.548724  -35.312504      1
 21.974024 -88.429097  -97.160552      1
 75.073942 -73.657637  -61.269053      1
 36.494558 -85.980404 -101.847265      1
  0.262885 -92.700742  -91.039508      1
 72.860940 -73.417384  -93.226967      1
 66.694420 -68.871608 -101.782757      1
-11.306884 -58.416798  -41.369359      1
 13.883515 -28.846038  -30.401241      1
 24.320866 -20.519213  -27.840409      1
  2.917490 -31.348764  -44.680640      1
 -8.563494 -39.870017  -52.577867      1
 14.757659 -31.498849  -30.906063      1
 29.231747 -34.454257  -25.090981      1
 31.512287 -46.849501  -23.562125      1
 -8.860930 -50.419222  -44.830719      1
  0.642445 -42.269519  -47.023709      1
 16.059892 -33.881114  -30.001551      1
 27.895085 -37.051267  -22.950124      1
 29.640057 -52.837885  -24.012544      1
  5.250193 -57.178477  -39.416009      1
  0.107680 -50.558767  -44.012907      1
 30.629951 -48.592390  -30.573412      1
 13.010222 -60.246349  -37.379459      1
-15.720426 -63.137173  -41.919513      1
 11.113136 -62.677462  -15.920848      1
 17.082281 -52.800588  -22.922274      1
 -0.362994 -76.126503  -37.307768      1
 45.788341 -46.836924  -19.865288      1
 12.696306 -65.379430  -33.716011      1
  0.711140 -38.319429  -49.096417      1
 -4.525703 -40.397370  -51.460729      1
 -1.699819 -54.796483  -43.834972      1
  9.161552 -66.093559  -37.102981      1
 42.092472 -42.423237  -27.372775      1
 23.211376 -62.179654  -31.737999      1
 41.424694 -49.124614  -26.849093      1
 32.507410 -20.027444  -29.147641      1
 42.363727 -28.367420  -27.859689      1
  0.263306 -28.117654  -48.920860      1
-10.025072 -34.186955  -59.349676      1
 -5.392454 -30.073086  -55.473468      1
 -7.521549 -33.894469  -59.611334      1
-17.226879 -34.870011  -64.712330      1
  4.068609 -23.090064  -51.851967      1
 -8.967902 -32.049599  -69.473903      1
 -0.970118 -25.855270  -68.257509      1
 55.434425 -56.797412  -10.058264      1
 39.378444 -12.943616  -30.047693      1
 66.409635 -23.938088  -29.102883      1
 63.502968 -40.515107  -24.858413      1
 64.258622 -55.213406  -21.785104      1
 11.695360 -20.444622  -55.388933      1
 31.776049  -8.576343  -53.496836      1
 37.293031  -8.649318  -40.502784      1
 62.227245 -11.861060  -39.275147      1
 54.927135  -3.909575  -47.566487      1
 40.737071  -0.276737  -63.885389      1
  8.852346 -22.669527  -79.526094      1
 18.952269 -16.031880  -57.969433      1
 41.382812  -8.737332  -32.143353      1
 26.869314  -9.713672  -73.443631      1
-35.657775 -56.395279  -68.967551      1
-33.119414 -70.708445  -86.262480      1
-14.509460 -86.860332  -43.947004      1
-25.279906 -68.559878  -48.569996      1
 -3.126788 -32.701939  -80.789430      1
-39.372841 -93.460225  -77.713433      1
-36.749551 -65.651194  -57.432912      1
 27.456923 -77.990759    1.845842      1
 52.531593 -84.029521  -21.116923      1
 33.123473 -97.420574  -27.947435      1
 12.645279 -70.797982   -9.864445      1
 45.222086 -72.267574    2.420903      1
 10.497020 -77.777043  -26.865377      1
 29.692949 -58.326175  -27.657785      1
 17.556416 -66.983809  -29.244939      1
 44.585289 -51.353309  -23.436642      1
 45.704445 -83.447265   -8.871896      1
 61.513629 -57.216830  -16.365235      1
 28.627447 -94.338662   -9.832436      1
 10.567819 -89.862147  -25.142313      1
-37.472300 -63.303618  -75.234100      1
-37.994757 -81.021146  -62.348900      1
-10.974836 -96.459260  -52.852185      1
 12.403226 -98.728041  -38.690515      1
 21.569027 -96.617165  -51.625501      1
 33.184505 -93.492867  -63.740790      1
 44.533897 -92.464432  -73.913136      1
 77.375748 -74.268485  -81.879278      1
 54.314175 -90.066265  -80.892068      1
 83.315910 -68.569226  -82.353368      1
 79.410051 -67.647835  -89.553445      1
 77.943011 -74.382679  -71.503391      1
 -0.484700 -51.359599  -96.342743      1
-18.380504 -48.420765  -87.684255      1
 17.389782 -56.710648  -97.205098      1
 30.102238 -63.033989  -98.948420      1
 43.714665 -68.859146 -104.593585      1
 62.141611 -80.334130  -92.840450      1
 53.992948 -79.330971 -102.856921      1
-31.584201 -44.174670  -70.039443      1
-28.010154 -46.038457  -77.030617      1
 57.803105 -87.695634  -74.077778      1