x	y	z	contour type	frameID	weight	time frame
25.22554	-45.08076	-15.69785	SAX_RV_FREEWALL	20	1.0	1.0
27.02129	-43.26733	-13.57567	SAX_RV_FREEWALL	20	1.0	1.0
28.48905	-42.83857	-11.03101	SAX_RV_FREEWALL	20	1.0	1.0
29.95681	-42.40981	-8.48634	SAX_RV_FREEWALL	20	1.0	1.0
32.08054	-39.21172	-6.78666	SAX_RV_FREEWALL	20	1.0	1.0
33.87629	-37.39829	-4.66448	SAX_RV_FREEWALL	20	1.0	1.0
35.67203	-35.58486	-2.54231	SAX_RV_FREEWALL	20	1.0	1.0
37.06189	-32.60115	-2.11496	SAX_RV_FREEWALL	20	1.0	1.0
39.18562	-29.40306	-0.41528	SAX_RV_FREEWALL	20	1.0	1.0
39.84159	-26.63373	-1.26026	SAX_RV_FREEWALL	20	1.0	1.0
41.23145	-23.65002	-0.83291	SAX_RV_FREEWALL	20	1.0	1.0
41.88742	-20.88069	-1.67789	SAX_RV_FREEWALL	20	1.0	1.0
42.54339	-18.11136	-2.52288	SAX_RV_FREEWALL	20	1.0	1.0
43.19937	-15.34204	-3.36786	SAX_RV_FREEWALL	20	1.0	1.0
14.92241	-10.71380	-62.30307	SAX_RV_FREEWALL	20	1.0	1.0
13.53255	-13.69751	-62.73042	SAX_RV_FREEWALL	20	1.0	1.0
11.40882	-16.89560	-64.43010	SAX_RV_FREEWALL	20	1.0	1.0
10.01897	-19.87931	-64.85745	SAX_RV_FREEWALL	20	1.0	1.0
8.62911	-22.86302	-65.28480	SAX_RV_FREEWALL	20	1.0	1.0
7.23926	-25.84673	-65.71215	SAX_RV_FREEWALL	20	1.0	1.0
5.84941	-28.83044	-66.13950	SAX_RV_FREEWALL	20	1.0	1.0
4.45955	-31.81415	-66.56685	SAX_RV_FREEWALL	20	1.0	1.0
3.80358	-34.58348	-65.72187	SAX_RV_FREEWALL	20	1.0	1.0
2.41373	-37.56719	-66.14922	SAX_RV_FREEWALL	20	1.0	1.0
1.02387	-40.55090	-66.57657	SAX_RV_FREEWALL	20	1.0	1.0
0.36790	-43.32023	-65.73159	SAX_RV_FREEWALL	20	1.0	1.0
-0.28807	-46.08956	-64.88661	SAX_RV_FREEWALL	20	1.0	1.0
-1.67793	-49.07327	-65.31396	SAX_RV_FREEWALL	20	1.0	1.0
-1.60002	-51.62822	-63.19664	SAX_RV_FREEWALL	20	1.0	1.0
-0.46025	-52.58412	-60.22949	SAX_RV_FREEWALL	20	1.0	1.0
1.00751	-52.15535	-57.68482	SAX_RV_FREEWALL	20	1.0	1.0
2.47527	-51.72659	-55.14016	SAX_RV_FREEWALL	20	1.0	1.0
3.94303	-51.29783	-52.59549	SAX_RV_FREEWALL	20	1.0	1.0
5.41079	-50.86906	-50.05083	SAX_RV_FREEWALL	20	1.0	1.0
6.87855	-50.44030	-47.50616	SAX_RV_FREEWALL	20	1.0	1.0
8.34631	-50.01154	-44.96149	SAX_RV_FREEWALL	20	1.0	1.0
9.81407	-49.58277	-42.41683	SAX_RV_FREEWALL	20	1.0	1.0
11.28183	-49.15401	-39.87216	SAX_RV_FREEWALL	20	1.0	1.0
12.74959	-48.72525	-37.32750	SAX_RV_FREEWALL	20	1.0	1.0
14.21735	-48.29649	-34.78283	SAX_RV_FREEWALL	20	1.0	1.0
15.68511	-47.86772	-32.23817	SAX_RV_FREEWALL	20	1.0	1.0
17.15287	-47.43896	-29.69350	SAX_RV_FREEWALL	20	1.0	1.0
18.62063	-47.01020	-27.14884	SAX_RV_FREEWALL	20	1.0	1.0
20.08839	-46.58143	-24.60417	SAX_RV_FREEWALL	20	1.0	1.0
21.55614	-46.15267	-22.05951	SAX_RV_FREEWALL	20	1.0	1.0
23.02390	-45.72391	-19.51484	SAX_RV_FREEWALL	20	1.0	1.0
24.49166	-45.29514	-16.97018	SAX_RV_FREEWALL	20	1.0	1.0
20.24420	-51.69133	-20.36954	SAX_RV_EPICARDIAL	20	1.0	1.0
22.03994	-49.87790	-18.24737	SAX_RV_EPICARDIAL	20	1.0	1.0
23.50770	-49.44914	-15.70270	SAX_RV_EPICARDIAL	20	1.0	1.0
24.97546	-49.02037	-13.15804	SAX_RV_EPICARDIAL	20	1.0	1.0
26.44322	-48.59161	-10.61337	SAX_RV_EPICARDIAL	20	1.0	1.0
28.23897	-46.77818	-8.49120	SAX_RV_EPICARDIAL	20	1.0	1.0
30.03472	-44.96475	-6.36903	SAX_RV_EPICARDIAL	20	1.0	1.0
31.83046	-43.15133	-4.24685	SAX_RV_EPICARDIAL	20	1.0	1.0
33.62621	-41.33790	-2.12468	SAX_RV_EPICARDIAL	20	1.0	1.0
35.74994	-38.13981	-0.42500	SAX_RV_EPICARDIAL	20	1.0	1.0
37.87367	-34.94172	1.27469	SAX_RV_EPICARDIAL	20	1.0	1.0
39.26353	-31.95801	1.70204	SAX_RV_EPICARDIAL	20	1.0	1.0
40.65338	-28.97430	2.12939	SAX_RV_EPICARDIAL	20	1.0	1.0
42.04323	-25.99059	2.55674	SAX_RV_EPICARDIAL	20	1.0	1.0
42.69921	-23.22126	1.71176	SAX_RV_EPICARDIAL	20	1.0	1.0
43.35518	-20.45193	0.86677	SAX_RV_EPICARDIAL	20	1.0	1.0
44.01115	-17.68260	0.02179	SAX_RV_EPICARDIAL	20	1.0	1.0
44.66713	-14.91327	-0.82319	SAX_RV_EPICARDIAL	20	1.0	1.0
44.58922	-12.35833	-2.94051	SAX_RV_EPICARDIAL	20	1.0	1.0
14.43861	-6.98857	-66.11521	SAX_RV_EPICARDIAL	20	1.0	1.0
13.04875	-9.97228	-66.54256	SAX_RV_EPICARDIAL	20	1.0	1.0
10.92502	-13.17037	-68.24224	SAX_RV_EPICARDIAL	20	1.0	1.0
9.53517	-16.15408	-68.66959	SAX_RV_EPICARDIAL	20	1.0	1.0
8.14531	-19.13779	-69.09694	SAX_RV_EPICARDIAL	20	1.0	1.0
6.75546	-22.12150	-69.52429	SAX_RV_EPICARDIAL	20	1.0	1.0
5.36561	-25.10521	-69.95164	SAX_RV_EPICARDIAL	20	1.0	1.0
3.97575	-28.08892	-70.37899	SAX_RV_EPICARDIAL	20	1.0	1.0
2.58590	-31.07263	-70.80634	SAX_RV_EPICARDIAL	20	1.0	1.0
1.92993	-33.84196	-69.96136	SAX_RV_EPICARDIAL	20	1.0	1.0
0.54007	-36.82567	-70.38871	SAX_RV_EPICARDIAL	20	1.0	1.0
-0.11590	-39.59500	-69.54373	SAX_RV_EPICARDIAL	20	1.0	1.0
-1.50575	-42.57871	-69.97108	SAX_RV_EPICARDIAL	20	1.0	1.0
-2.16173	-45.34804	-69.12610	SAX_RV_EPICARDIAL	20	1.0	1.0
-2.81770	-48.11737	-68.28111	SAX_RV_EPICARDIAL	20	1.0	1.0
-2.73979	-50.67231	-66.16380	SAX_RV_EPICARDIAL	20	1.0	1.0
-2.66189	-53.22726	-64.04648	SAX_RV_EPICARDIAL	20	1.0	1.0
-1.52211	-54.18316	-61.07933	SAX_RV_EPICARDIAL	20	1.0	1.0
-0.38234	-55.13906	-58.11217	SAX_RV_EPICARDIAL	20	1.0	1.0
0.75743	-56.09496	-55.14501	SAX_RV_EPICARDIAL	20	1.0	1.0
2.22519	-55.66620	-52.60035	SAX_RV_EPICARDIAL	20	1.0	1.0
3.69295	-55.23744	-50.05568	SAX_RV_EPICARDIAL	20	1.0	1.0
5.16071	-54.80868	-47.51102	SAX_RV_EPICARDIAL	20	1.0	1.0
6.62847	-54.37991	-44.96635	SAX_RV_EPICARDIAL	20	1.0	1.0
8.09623	-53.95115	-42.42169	SAX_RV_EPICARDIAL	20	1.0	1.0
9.56399	-53.52239	-39.87702	SAX_RV_EPICARDIAL	20	1.0	1.0
11.03175	-53.09362	-37.33236	SAX_RV_EPICARDIAL	20	1.0	1.0
12.49951	-52.66486	-34.78769	SAX_RV_EPICARDIAL	20	1.0	1.0
13.96727	-52.23610	-32.24303	SAX_RV_EPICARDIAL	20	1.0	1.0
15.10704	-53.19200	-29.27587	SAX_RV_EPICARDIAL	20	1.0	1.0
16.57480	-52.76323	-26.73121	SAX_RV_EPICARDIAL	20	1.0	1.0
18.04256	-52.33447	-24.18654	SAX_RV_EPICARDIAL	20	1.0	1.0
19.51032	-51.90571	-21.64188	SAX_RV_EPICARDIAL	20	1.0	1.0
43.12146	-12.78709	-5.48517	SAX_RV_SEPTUM	20	1.0	1.0
43.77743	-10.01776	-6.33016	SAX_RV_SEPTUM	20	1.0	1.0
42.63766	-9.06186	-9.29731	SAX_RV_SEPTUM	20	1.0	1.0
40.84192	-10.87529	-11.41949	SAX_RV_SEPTUM	20	1.0	1.0
39.04617	-12.68871	-13.54166	SAX_RV_SEPTUM	20	1.0	1.0
37.25042	-14.50214	-15.66383	SAX_RV_SEPTUM	20	1.0	1.0
35.78266	-14.93091	-18.20850	SAX_RV_SEPTUM	20	1.0	1.0
33.98692	-16.74433	-20.33067	SAX_RV_SEPTUM	20	1.0	1.0
32.51916	-17.17310	-22.87534	SAX_RV_SEPTUM	20	1.0	1.0
30.72341	-18.98652	-24.99751	SAX_RV_SEPTUM	20	1.0	1.0
29.25565	-19.41529	-27.54218	SAX_RV_SEPTUM	20	1.0	1.0
27.78789	-19.84405	-30.08684	SAX_RV_SEPTUM	20	1.0	1.0
26.32013	-20.27281	-32.63151	SAX_RV_SEPTUM	20	1.0	1.0
25.18036	-19.31691	-35.59866	SAX_RV_SEPTUM	20	1.0	1.0
23.71260	-19.74567	-38.14333	SAX_RV_SEPTUM	20	1.0	1.0
22.57283	-18.78977	-41.11049	SAX_RV_SEPTUM	20	1.0	1.0
21.76104	-16.44921	-44.50013	SAX_RV_SEPTUM	20	1.0	1.0
20.62127	-15.49331	-47.46729	SAX_RV_SEPTUM	20	1.0	1.0
19.80948	-13.15274	-50.85694	SAX_RV_SEPTUM	20	1.0	1.0
19.73158	-10.59780	-52.97425	SAX_RV_SEPTUM	20	1.0	1.0
19.65367	-8.04285	-55.09157	SAX_RV_SEPTUM	20	1.0	1.0
18.84188	-5.70228	-58.48121	SAX_RV_SEPTUM	20	1.0	1.0
17.04614	-7.51571	-60.60339	SAX_RV_SEPTUM	20	1.0	1.0
46.47924	-1.49539	-7.59277	SAX_LV_EPICARDIAL	20	1.0	1.0
47.86909	1.48832	-7.16542	SAX_LV_EPICARDIAL	20	1.0	1.0
48.52506	4.25764	-8.01040	SAX_LV_EPICARDIAL	20	1.0	1.0
49.18104	7.02697	-8.85538	SAX_LV_EPICARDIAL	20	1.0	1.0
49.83701	9.79630	-9.70037	SAX_LV_EPICARDIAL	20	1.0	1.0
50.49298	12.56563	-10.54535	SAX_LV_EPICARDIAL	20	1.0	1.0
51.14896	15.33496	-11.39033	SAX_LV_EPICARDIAL	20	1.0	1.0
51.07105	17.88990	-13.50765	SAX_LV_EPICARDIAL	20	1.0	1.0
50.99314	20.44485	-15.62496	SAX_LV_EPICARDIAL	20	1.0	1.0
50.91524	22.99980	-17.74228	SAX_LV_EPICARDIAL	20	1.0	1.0
50.83733	25.55474	-19.85959	SAX_LV_EPICARDIAL	20	1.0	1.0
50.02554	27.89531	-23.24924	SAX_LV_EPICARDIAL	20	1.0	1.0
48.88577	28.85121	-26.21640	SAX_LV_EPICARDIAL	20	1.0	1.0
48.07399	31.19178	-29.60604	SAX_LV_EPICARDIAL	20	1.0	1.0
46.93421	32.14768	-32.57320	SAX_LV_EPICARDIAL	20	1.0	1.0
45.79444	33.10358	-35.54036	SAX_LV_EPICARDIAL	20	1.0	1.0
44.32668	32.67481	-38.08502	SAX_LV_EPICARDIAL	20	1.0	1.0
42.85892	32.24605	-40.62969	SAX_LV_EPICARDIAL	20	1.0	1.0
41.39116	31.81729	-43.17435	SAX_LV_EPICARDIAL	20	1.0	1.0
39.92340	31.38853	-45.71902	SAX_LV_EPICARDIAL	20	1.0	1.0
38.45564	30.95976	-48.26368	SAX_LV_EPICARDIAL	20	1.0	1.0
36.98788	30.53100	-50.80835	SAX_LV_EPICARDIAL	20	1.0	1.0
35.19214	28.71757	-52.93052	SAX_LV_EPICARDIAL	20	1.0	1.0
33.39639	26.90414	-55.05270	SAX_LV_EPICARDIAL	20	1.0	1.0
31.60064	25.09072	-57.17487	SAX_LV_EPICARDIAL	20	1.0	1.0
29.80490	23.27729	-59.29704	SAX_LV_EPICARDIAL	20	1.0	1.0
27.68116	20.07920	-60.99673	SAX_LV_EPICARDIAL	20	1.0	1.0
26.29131	17.09549	-61.42408	SAX_LV_EPICARDIAL	20	1.0	1.0
24.90146	14.11178	-61.85143	SAX_LV_EPICARDIAL	20	1.0	1.0
23.51160	11.12807	-62.27878	SAX_LV_EPICARDIAL	20	1.0	1.0
22.12175	8.14436	-62.70613	SAX_LV_EPICARDIAL	20	1.0	1.0
21.46578	5.37503	-61.86114	SAX_LV_EPICARDIAL	20	1.0	1.0
31.62947	-12.27758	-28.38230	SAX_LV_ENDOCARDIAL	20	1.0	1.0
33.42521	-10.46416	-26.26013	SAX_LV_ENDOCARDIAL	20	1.0	1.0
34.89297	-10.03539	-23.71546	SAX_LV_ENDOCARDIAL	20	1.0	1.0
36.36073	-9.60663	-21.17080	SAX_LV_ENDOCARDIAL	20	1.0	1.0
38.15648	-7.79320	-19.04862	SAX_LV_ENDOCARDIAL	20	1.0	1.0
39.95222	-5.97978	-16.92645	SAX_LV_ENDOCARDIAL	20	1.0	1.0
42.07596	-2.78168	-15.22677	SAX_LV_ENDOCARDIAL	20	1.0	1.0
43.13782	-1.18264	-14.37692	SAX_LV_ENDOCARDIAL	20	1.0	1.0
45.26156	2.01545	-12.67724	SAX_LV_ENDOCARDIAL	20	1.0	1.0
45.91753	4.78478	-13.52222	SAX_LV_ENDOCARDIAL	20	1.0	1.0
46.57350	7.55411	-14.36721	SAX_LV_ENDOCARDIAL	20	1.0	1.0
47.22948	10.32344	-15.21219	SAX_LV_ENDOCARDIAL	20	1.0	1.0
47.88545	13.09277	-16.05717	SAX_LV_ENDOCARDIAL	20	1.0	1.0
47.80754	15.64771	-18.17449	SAX_LV_ENDOCARDIAL	20	1.0	1.0
47.72964	18.20266	-20.29180	SAX_LV_ENDOCARDIAL	20	1.0	1.0
46.91785	20.54323	-23.68145	SAX_LV_ENDOCARDIAL	20	1.0	1.0
46.83994	23.09817	-25.79876	SAX_LV_ENDOCARDIAL	20	1.0	1.0
45.70017	24.05407	-28.76592	SAX_LV_ENDOCARDIAL	20	1.0	1.0
44.56040	25.00997	-31.73308	SAX_LV_ENDOCARDIAL	20	1.0	1.0
43.42063	25.96588	-34.70023	SAX_LV_ENDOCARDIAL	20	1.0	1.0
42.28085	26.92178	-37.66739	SAX_LV_ENDOCARDIAL	20	1.0	1.0
40.81309	26.49301	-40.21206	SAX_LV_ENDOCARDIAL	20	1.0	1.0
39.34533	26.06425	-42.75672	SAX_LV_ENDOCARDIAL	20	1.0	1.0
37.87758	25.63549	-45.30139	SAX_LV_ENDOCARDIAL	20	1.0	1.0
36.08183	23.82206	-47.42356	SAX_LV_ENDOCARDIAL	20	1.0	1.0
34.61407	23.39330	-49.96822	SAX_LV_ENDOCARDIAL	20	1.0	1.0
32.49034	20.19520	-51.66791	SAX_LV_ENDOCARDIAL	20	1.0	1.0
30.69459	18.38178	-53.79008	SAX_LV_ENDOCARDIAL	20	1.0	1.0
29.63272	16.78273	-54.63992	SAX_LV_ENDOCARDIAL	20	1.0	1.0
27.50899	13.58464	-56.33961	SAX_LV_ENDOCARDIAL	20	1.0	1.0
26.11914	10.60093	-56.76696	SAX_LV_ENDOCARDIAL	20	1.0	1.0
25.46316	7.83160	-55.92197	SAX_LV_ENDOCARDIAL	20	1.0	1.0
24.07331	4.84789	-56.34932	SAX_LV_ENDOCARDIAL	20	1.0	1.0
23.41734	2.07856	-55.50434	SAX_LV_ENDOCARDIAL	20	1.0	1.0
23.49524	-0.47638	-53.38703	SAX_LV_ENDOCARDIAL	20	1.0	1.0
22.83927	-3.24571	-52.54204	SAX_LV_ENDOCARDIAL	20	1.0	1.0
23.65106	-5.58628	-49.15240	SAX_LV_ENDOCARDIAL	20	1.0	1.0
23.72896	-8.14122	-47.03508	SAX_LV_ENDOCARDIAL	20	1.0	1.0
24.86874	-9.09712	-44.06792	SAX_LV_ENDOCARDIAL	20	1.0	1.0
25.68052	-11.43769	-40.67828	SAX_LV_ENDOCARDIAL	20	1.0	1.0
26.82029	-12.39359	-37.71112	SAX_LV_ENDOCARDIAL	20	1.0	1.0
28.28805	-11.96483	-35.16645	SAX_LV_ENDOCARDIAL	20	1.0	1.0
29.75581	-11.53606	-32.62179	SAX_LV_ENDOCARDIAL	20	1.0	1.0
30.89559	-12.49197	-29.65463	SAX_LV_ENDOCARDIAL	20	1.0	1.0
27.78261	-51.10467	-38.67058	SAX_RV_FREEWALL	17	1.0	1.0
29.57836	-49.29125	-36.54841	SAX_RV_FREEWALL	17	1.0	1.0
31.04612	-48.86248	-34.00374	SAX_RV_FREEWALL	17	1.0	1.0
32.84186	-47.04906	-31.88157	SAX_RV_FREEWALL	17	1.0	1.0
34.30962	-46.62029	-29.33690	SAX_RV_FREEWALL	17	1.0	1.0
36.10537	-44.80686	-27.21473	SAX_RV_FREEWALL	17	1.0	1.0
37.57313	-44.37810	-24.67007	SAX_RV_FREEWALL	17	1.0	1.0
39.36887	-42.56467	-22.54789	SAX_RV_FREEWALL	17	1.0	1.0
40.83663	-42.13591	-20.00323	SAX_RV_FREEWALL	17	1.0	1.0
42.96037	-38.93782	-18.30354	SAX_RV_FREEWALL	17	1.0	1.0
44.75611	-37.12439	-16.18137	SAX_RV_FREEWALL	17	1.0	1.0
46.87984	-33.92630	-14.48169	SAX_RV_FREEWALL	17	1.0	1.0
48.26970	-30.94259	-14.05434	SAX_RV_FREEWALL	17	1.0	1.0
48.92567	-28.17326	-14.89932	SAX_RV_FREEWALL	17	1.0	1.0
50.31552	-25.18955	-14.47197	SAX_RV_FREEWALL	17	1.0	1.0
50.97150	-22.42022	-15.31695	SAX_RV_FREEWALL	17	1.0	1.0
51.62747	-19.65090	-16.16193	SAX_RV_FREEWALL	17	1.0	1.0
28.48767	-13.52199	-66.19082	SAX_RV_FREEWALL	17	1.0	1.0
26.36393	-16.72008	-67.89050	SAX_RV_FREEWALL	17	1.0	1.0
24.24020	-19.91817	-69.59018	SAX_RV_FREEWALL	17	1.0	1.0
22.85035	-22.90188	-70.01753	SAX_RV_FREEWALL	17	1.0	1.0
21.46049	-25.88559	-70.44489	SAX_RV_FREEWALL	17	1.0	1.0
20.07064	-28.86930	-70.87224	SAX_RV_FREEWALL	17	1.0	1.0
19.00878	-30.46835	-71.72208	SAX_RV_FREEWALL	17	1.0	1.0
18.35280	-33.23768	-70.87709	SAX_RV_FREEWALL	17	1.0	1.0
16.96295	-36.22139	-71.30444	SAX_RV_FREEWALL	17	1.0	1.0
15.57310	-39.20510	-71.73179	SAX_RV_FREEWALL	17	1.0	1.0
14.91712	-41.97443	-70.88681	SAX_RV_FREEWALL	17	1.0	1.0
14.26115	-44.74375	-70.04183	SAX_RV_FREEWALL	17	1.0	1.0
13.60517	-47.51308	-69.19685	SAX_RV_FREEWALL	17	1.0	1.0
12.94920	-50.28241	-68.35186	SAX_RV_FREEWALL	17	1.0	1.0
13.02711	-52.83736	-66.23455	SAX_RV_FREEWALL	17	1.0	1.0
14.16688	-53.79326	-63.26739	SAX_RV_FREEWALL	17	1.0	1.0
15.30665	-54.74916	-60.30024	SAX_RV_FREEWALL	17	1.0	1.0
16.77441	-54.32040	-57.75557	SAX_RV_FREEWALL	17	1.0	1.0
18.24217	-53.89163	-55.21091	SAX_RV_FREEWALL	17	1.0	1.0
19.70993	-53.46287	-52.66624	SAX_RV_FREEWALL	17	1.0	1.0
21.17769	-53.03411	-50.12158	SAX_RV_FREEWALL	17	1.0	1.0
22.64545	-52.60534	-47.57691	SAX_RV_FREEWALL	17	1.0	1.0
24.11321	-52.17658	-45.03225	SAX_RV_FREEWALL	17	1.0	1.0
25.58097	-51.74782	-42.48758	SAX_RV_FREEWALL	17	1.0	1.0
27.04873	-51.31905	-39.94291	SAX_RV_FREEWALL	17	1.0	1.0
23.86313	-56.11619	-42.49244	SAX_RV_EPICARDIAL	17	1.0	1.0
25.65888	-54.30276	-40.37027	SAX_RV_EPICARDIAL	17	1.0	1.0
27.12664	-53.87400	-37.82560	SAX_RV_EPICARDIAL	17	1.0	1.0
28.59440	-53.44524	-35.28093	SAX_RV_EPICARDIAL	17	1.0	1.0
30.06215	-53.01648	-32.73627	SAX_RV_EPICARDIAL	17	1.0	1.0
31.85790	-51.20305	-30.61410	SAX_RV_EPICARDIAL	17	1.0	1.0
33.32566	-50.77428	-28.06943	SAX_RV_EPICARDIAL	17	1.0	1.0
34.79342	-50.34552	-25.52477	SAX_RV_EPICARDIAL	17	1.0	1.0
36.58917	-48.53209	-23.40259	SAX_RV_EPICARDIAL	17	1.0	1.0
38.38491	-46.71867	-21.28042	SAX_RV_EPICARDIAL	17	1.0	1.0
40.18066	-44.90524	-19.15824	SAX_RV_EPICARDIAL	17	1.0	1.0
41.97641	-43.09181	-17.03607	SAX_RV_EPICARDIAL	17	1.0	1.0
43.77215	-41.27838	-14.91390	SAX_RV_EPICARDIAL	17	1.0	1.0
45.89588	-38.08029	-13.21421	SAX_RV_EPICARDIAL	17	1.0	1.0
47.28574	-35.09658	-12.78686	SAX_RV_EPICARDIAL	17	1.0	1.0
49.40947	-31.89849	-11.08718	SAX_RV_EPICARDIAL	17	1.0	1.0
50.79932	-28.91478	-10.65983	SAX_RV_EPICARDIAL	17	1.0	1.0
51.45530	-26.14545	-11.50481	SAX_RV_EPICARDIAL	17	1.0	1.0
52.11127	-23.37612	-12.34979	SAX_RV_EPICARDIAL	17	1.0	1.0
52.76724	-20.60680	-13.19478	SAX_RV_EPICARDIAL	17	1.0	1.0
53.42322	-17.83747	-14.03976	SAX_RV_EPICARDIAL	17	1.0	1.0
26.94200	-11.39581	-70.85280	SAX_RV_EPICARDIAL	17	1.0	1.0
24.81827	-14.59390	-72.55248	SAX_RV_EPICARDIAL	17	1.0	1.0
23.42842	-17.57761	-72.97983	SAX_RV_EPICARDIAL	17	1.0	1.0
21.30468	-20.77570	-74.67952	SAX_RV_EPICARDIAL	17	1.0	1.0
19.91483	-23.75941	-75.10687	SAX_RV_EPICARDIAL	17	1.0	1.0
18.52498	-26.74312	-75.53422	SAX_RV_EPICARDIAL	17	1.0	1.0
17.13512	-29.72683	-75.96157	SAX_RV_EPICARDIAL	17	1.0	1.0
15.74527	-32.71054	-76.38892	SAX_RV_EPICARDIAL	17	1.0	1.0
15.08930	-35.47987	-75.54393	SAX_RV_EPICARDIAL	17	1.0	1.0
13.69944	-38.46358	-75.97128	SAX_RV_EPICARDIAL	17	1.0	1.0
13.04347	-41.23291	-75.12630	SAX_RV_EPICARDIAL	17	1.0	1.0
11.65362	-44.21662	-75.55365	SAX_RV_EPICARDIAL	17	1.0	1.0
10.99764	-46.98595	-74.70867	SAX_RV_EPICARDIAL	17	1.0	1.0
10.34167	-49.75527	-73.86369	SAX_RV_EPICARDIAL	17	1.0	1.0
9.68570	-52.52460	-73.01870	SAX_RV_EPICARDIAL	17	1.0	1.0
9.76360	-55.07955	-70.90139	SAX_RV_EPICARDIAL	17	1.0	1.0
10.57539	-57.42011	-67.51174	SAX_RV_EPICARDIAL	17	1.0	1.0
11.71516	-58.37601	-64.54458	SAX_RV_EPICARDIAL	17	1.0	1.0
13.18292	-57.94725	-61.99992	SAX_RV_EPICARDIAL	17	1.0	1.0
14.32269	-58.90315	-59.03276	SAX_RV_EPICARDIAL	17	1.0	1.0
15.79045	-58.47439	-56.48810	SAX_RV_EPICARDIAL	17	1.0	1.0
17.25821	-58.04563	-53.94343	SAX_RV_EPICARDIAL	17	1.0	1.0
18.72597	-57.61686	-51.39877	SAX_RV_EPICARDIAL	17	1.0	1.0
20.19373	-57.18810	-48.85410	SAX_RV_EPICARDIAL	17	1.0	1.0
21.66149	-56.75934	-46.30944	SAX_RV_EPICARDIAL	17	1.0	1.0
23.12925	-56.33057	-43.76477	SAX_RV_EPICARDIAL	17	1.0	1.0
52.28345	-16.88157	-17.00692	SAX_RV_SEPTUM	17	1.0	1.0
51.14367	-15.92567	-19.97407	SAX_RV_SEPTUM	17	1.0	1.0
49.67591	-16.35443	-22.51874	SAX_RV_SEPTUM	17	1.0	1.0
47.88017	-18.16786	-24.64091	SAX_RV_SEPTUM	17	1.0	1.0
46.41241	-18.59662	-27.18558	SAX_RV_SEPTUM	17	1.0	1.0
44.61666	-20.41005	-29.30775	SAX_RV_SEPTUM	17	1.0	1.0
43.14890	-20.83881	-31.85242	SAX_RV_SEPTUM	17	1.0	1.0
41.68114	-21.26757	-34.39708	SAX_RV_SEPTUM	17	1.0	1.0
40.21338	-21.69634	-36.94175	SAX_RV_SEPTUM	17	1.0	1.0
38.74562	-22.12510	-39.48641	SAX_RV_SEPTUM	17	1.0	1.0
37.27786	-22.55386	-42.03108	SAX_RV_SEPTUM	17	1.0	1.0
36.46608	-20.21330	-45.42072	SAX_RV_SEPTUM	17	1.0	1.0
35.32630	-19.25740	-48.38788	SAX_RV_SEPTUM	17	1.0	1.0
34.18653	-18.30150	-51.35504	SAX_RV_SEPTUM	17	1.0	1.0
33.37475	-15.96093	-54.74469	SAX_RV_SEPTUM	17	1.0	1.0
33.29684	-13.40598	-56.86200	SAX_RV_SEPTUM	17	1.0	1.0
32.48505	-11.06542	-60.25165	SAX_RV_SEPTUM	17	1.0	1.0
32.07916	-9.89514	-61.94647	SAX_RV_SEPTUM	17	1.0	1.0
30.61140	-10.32390	-64.49114	SAX_RV_SEPTUM	17	1.0	1.0
54.65726	-9.74386	-17.84704	SAX_LV_EPICARDIAL	17	1.0	1.0
56.04711	-6.76015	-17.41969	SAX_LV_EPICARDIAL	17	1.0	1.0
57.43697	-3.77644	-16.99234	SAX_LV_EPICARDIAL	17	1.0	1.0
58.82682	-0.79273	-16.56499	SAX_LV_EPICARDIAL	17	1.0	1.0
59.48279	1.97659	-17.40997	SAX_LV_EPICARDIAL	17	1.0	1.0
60.13877	4.74592	-18.25495	SAX_LV_EPICARDIAL	17	1.0	1.0
60.79474	7.51525	-19.09994	SAX_LV_EPICARDIAL	17	1.0	1.0
61.45071	10.28458	-19.94492	SAX_LV_EPICARDIAL	17	1.0	1.0
61.37281	12.83953	-22.06223	SAX_LV_EPICARDIAL	17	1.0	1.0
61.29490	15.39447	-24.17955	SAX_LV_EPICARDIAL	17	1.0	1.0
61.21699	17.94942	-26.29686	SAX_LV_EPICARDIAL	17	1.0	1.0
60.40521	20.28998	-29.68651	SAX_LV_EPICARDIAL	17	1.0	1.0
59.59342	22.63055	-33.07616	SAX_LV_EPICARDIAL	17	1.0	1.0
58.45365	23.58645	-36.04332	SAX_LV_EPICARDIAL	17	1.0	1.0
57.31388	24.54235	-39.01047	SAX_LV_EPICARDIAL	17	1.0	1.0
56.17410	25.49825	-41.97763	SAX_LV_EPICARDIAL	17	1.0	1.0
54.70634	25.06949	-44.52229	SAX_LV_EPICARDIAL	17	1.0	1.0
53.56657	26.02539	-47.48945	SAX_LV_EPICARDIAL	17	1.0	1.0
52.09881	25.59663	-50.03412	SAX_LV_EPICARDIAL	17	1.0	1.0
50.63105	25.16786	-52.57878	SAX_LV_EPICARDIAL	17	1.0	1.0
48.83530	23.35444	-54.70096	SAX_LV_EPICARDIAL	17	1.0	1.0
47.36755	22.92567	-57.24562	SAX_LV_EPICARDIAL	17	1.0	1.0
45.57180	21.11225	-59.36779	SAX_LV_EPICARDIAL	17	1.0	1.0
43.77605	19.29882	-61.48997	SAX_LV_EPICARDIAL	17	1.0	1.0
41.98031	17.48539	-63.61214	SAX_LV_EPICARDIAL	17	1.0	1.0
39.85657	14.28730	-65.31182	SAX_LV_EPICARDIAL	17	1.0	1.0
38.46672	11.30359	-65.73918	SAX_LV_EPICARDIAL	17	1.0	1.0
37.07687	8.31988	-66.16653	SAX_LV_EPICARDIAL	17	1.0	1.0
35.68701	5.33617	-66.59388	SAX_LV_EPICARDIAL	17	1.0	1.0
35.03104	2.56684	-65.74889	SAX_LV_EPICARDIAL	17	1.0	1.0
48.45823	-12.84358	-27.60321	SAX_LV_ENDOCARDIAL	17	1.0	1.0
50.25398	-11.03015	-25.48104	SAX_LV_ENDOCARDIAL	17	1.0	1.0
52.04973	-9.21673	-23.35886	SAX_LV_ENDOCARDIAL	17	1.0	1.0
54.17346	-6.01863	-21.65918	SAX_LV_ENDOCARDIAL	17	1.0	1.0
54.82943	-3.24931	-22.50416	SAX_LV_ENDOCARDIAL	17	1.0	1.0
56.21929	-0.26560	-22.07681	SAX_LV_ENDOCARDIAL	17	1.0	1.0
56.87526	2.50373	-22.92179	SAX_LV_ENDOCARDIAL	17	1.0	1.0
57.53123	5.27306	-23.76678	SAX_LV_ENDOCARDIAL	17	1.0	1.0
57.45333	7.82801	-25.88409	SAX_LV_ENDOCARDIAL	17	1.0	1.0
58.10930	10.59734	-26.72907	SAX_LV_ENDOCARDIAL	17	1.0	1.0
58.03139	13.15228	-28.84639	SAX_LV_ENDOCARDIAL	17	1.0	1.0
57.21961	15.49285	-32.23604	SAX_LV_ENDOCARDIAL	17	1.0	1.0
56.40782	17.83341	-35.62568	SAX_LV_ENDOCARDIAL	17	1.0	1.0
55.26805	18.78931	-38.59284	SAX_LV_ENDOCARDIAL	17	1.0	1.0
54.12828	19.74521	-41.56000	SAX_LV_ENDOCARDIAL	17	1.0	1.0
52.98850	20.70112	-44.52715	SAX_LV_ENDOCARDIAL	17	1.0	1.0
51.52074	20.27235	-47.07182	SAX_LV_ENDOCARDIAL	17	1.0	1.0
50.05298	19.84359	-49.61648	SAX_LV_ENDOCARDIAL	17	1.0	1.0
48.58522	19.41483	-52.16115	SAX_LV_ENDOCARDIAL	17	1.0	1.0
46.78948	17.60140	-54.28332	SAX_LV_ENDOCARDIAL	17	1.0	1.0
44.99373	15.78797	-56.40550	SAX_LV_ENDOCARDIAL	17	1.0	1.0
43.19799	13.97454	-58.52767	SAX_LV_ENDOCARDIAL	17	1.0	1.0
41.80813	10.99083	-58.95502	SAX_LV_ENDOCARDIAL	17	1.0	1.0
39.68440	7.79274	-60.65470	SAX_LV_ENDOCARDIAL	17	1.0	1.0
38.29455	4.80903	-61.08205	SAX_LV_ENDOCARDIAL	17	1.0	1.0
37.63857	2.03970	-60.23707	SAX_LV_ENDOCARDIAL	17	1.0	1.0
36.98260	-0.72962	-59.39209	SAX_LV_ENDOCARDIAL	17	1.0	1.0
36.32663	-3.49895	-58.54711	SAX_LV_ENDOCARDIAL	17	1.0	1.0
36.40453	-6.05390	-56.42979	SAX_LV_ENDOCARDIAL	17	1.0	1.0
37.21632	-8.39446	-53.04014	SAX_LV_ENDOCARDIAL	17	1.0	1.0
37.29422	-10.94941	-50.92283	SAX_LV_ENDOCARDIAL	17	1.0	1.0
38.43400	-11.90531	-47.95567	SAX_LV_ENDOCARDIAL	17	1.0	1.0
39.24578	-14.24588	-44.56602	SAX_LV_ENDOCARDIAL	17	1.0	1.0
40.38556	-15.20178	-41.59887	SAX_LV_ENDOCARDIAL	17	1.0	1.0
41.85332	-14.77302	-39.05420	SAX_LV_ENDOCARDIAL	17	1.0	1.0
43.32108	-14.34425	-36.50954	SAX_LV_ENDOCARDIAL	17	1.0	1.0
44.78883	-13.91549	-33.96487	SAX_LV_ENDOCARDIAL	17	1.0	1.0
46.25659	-13.48673	-31.42021	SAX_LV_ENDOCARDIAL	17	1.0	1.0
47.72435	-13.05796	-28.87554	SAX_LV_ENDOCARDIAL	17	1.0	1.0
39.72430	-49.23173	-49.33763	SAX_RV_FREEWALL	12	1.0	1.0
41.52005	-47.41830	-47.21545	SAX_RV_FREEWALL	12	1.0	1.0
43.31579	-45.60488	-45.09328	SAX_RV_FREEWALL	12	1.0	1.0
44.78355	-45.17611	-42.54861	SAX_RV_FREEWALL	12	1.0	1.0
46.57930	-43.36268	-40.42644	SAX_RV_FREEWALL	12	1.0	1.0
48.37504	-41.54926	-38.30426	SAX_RV_FREEWALL	12	1.0	1.0
50.17079	-39.73583	-36.18209	SAX_RV_FREEWALL	12	1.0	1.0
51.96654	-37.92240	-34.05992	SAX_RV_FREEWALL	12	1.0	1.0
53.76228	-36.10898	-31.93774	SAX_RV_FREEWALL	12	1.0	1.0
55.88602	-32.91088	-30.23806	SAX_RV_FREEWALL	12	1.0	1.0
57.68176	-31.09746	-28.11589	SAX_RV_FREEWALL	12	1.0	1.0
59.07162	-28.11375	-27.68854	SAX_RV_FREEWALL	12	1.0	1.0
45.31644	-14.08799	-65.41173	SAX_RV_FREEWALL	12	1.0	1.0
43.19270	-17.28608	-67.11141	SAX_RV_FREEWALL	12	1.0	1.0
41.06897	-20.48417	-68.81109	SAX_RV_FREEWALL	12	1.0	1.0
38.94524	-23.68226	-70.51078	SAX_RV_FREEWALL	12	1.0	1.0
37.55538	-26.66597	-70.93813	SAX_RV_FREEWALL	12	1.0	1.0
36.16553	-29.64968	-71.36548	SAX_RV_FREEWALL	12	1.0	1.0
34.77568	-32.63339	-71.79283	SAX_RV_FREEWALL	12	1.0	1.0
33.38582	-35.61710	-72.22018	SAX_RV_FREEWALL	12	1.0	1.0
31.99597	-38.60081	-72.64753	SAX_RV_FREEWALL	12	1.0	1.0
31.34000	-41.37014	-71.80254	SAX_RV_FREEWALL	12	1.0	1.0
30.68402	-44.13947	-70.95756	SAX_RV_FREEWALL	12	1.0	1.0
30.02805	-46.90880	-70.11258	SAX_RV_FREEWALL	12	1.0	1.0
30.83984	-49.24936	-66.72293	SAX_RV_FREEWALL	12	1.0	1.0
31.97961	-50.20526	-63.75578	SAX_RV_FREEWALL	12	1.0	1.0
33.11938	-51.16116	-60.78862	SAX_RV_FREEWALL	12	1.0	1.0
34.58714	-50.73240	-58.24395	SAX_RV_FREEWALL	12	1.0	1.0
36.05490	-50.30364	-55.69929	SAX_RV_FREEWALL	12	1.0	1.0
37.52266	-49.87487	-53.15462	SAX_RV_FREEWALL	12	1.0	1.0
38.99042	-49.44611	-50.60996	SAX_RV_FREEWALL	12	1.0	1.0
60.46147	-25.13004	-27.26119	SAX_RV_SEPTUM	12	1.0	1.0
61.11744	-22.36071	-28.10617	SAX_RV_SEPTUM	12	1.0	1.0
59.97767	-21.40481	-31.07333	SAX_RV_SEPTUM	12	1.0	1.0
58.50991	-21.83357	-33.61799	SAX_RV_SEPTUM	12	1.0	1.0
56.71416	-23.64700	-35.74016	SAX_RV_SEPTUM	12	1.0	1.0
55.57439	-22.69110	-38.70732	SAX_RV_SEPTUM	12	1.0	1.0
54.10663	-23.11986	-41.25199	SAX_RV_SEPTUM	12	1.0	1.0
52.96686	-22.16396	-44.21914	SAX_RV_SEPTUM	12	1.0	1.0
51.82709	-21.20806	-47.18630	SAX_RV_SEPTUM	12	1.0	1.0
51.01530	-18.86749	-50.57595	SAX_RV_SEPTUM	12	1.0	1.0
49.87553	-17.91159	-53.54310	SAX_RV_SEPTUM	12	1.0	1.0
49.79762	-15.35664	-55.66042	SAX_RV_SEPTUM	12	1.0	1.0
49.71971	-12.80170	-57.77773	SAX_RV_SEPTUM	12	1.0	1.0
48.90793	-10.46113	-61.16738	SAX_RV_SEPTUM	12	1.0	1.0
47.44017	-10.88990	-63.71205	SAX_RV_SEPTUM	12	1.0	1.0
57.77603	-22.04795	-34.89032	SAX_LV_EPICARDIAL	12	1.0	1.0
59.57178	-20.23452	-32.76815	SAX_LV_EPICARDIAL	12	1.0	1.0
61.03954	-19.80576	-30.22348	SAX_LV_EPICARDIAL	12	1.0	1.0
62.50730	-19.37700	-27.67882	SAX_LV_EPICARDIAL	12	1.0	1.0
64.30304	-17.56357	-25.55664	SAX_LV_EPICARDIAL	12	1.0	1.0
65.69289	-14.57986	-25.12929	SAX_LV_EPICARDIAL	12	1.0	1.0
67.81663	-11.38177	-23.42961	SAX_LV_EPICARDIAL	12	1.0	1.0
69.20648	-8.39806	-23.00226	SAX_LV_EPICARDIAL	12	1.0	1.0
69.86245	-5.62873	-23.84724	SAX_LV_EPICARDIAL	12	1.0	1.0
70.51843	-2.85940	-24.69223	SAX_LV_EPICARDIAL	12	1.0	1.0
71.17440	-0.09007	-25.53721	SAX_LV_EPICARDIAL	12	1.0	1.0
71.83037	2.67925	-26.38219	SAX_LV_EPICARDIAL	12	1.0	1.0
72.48635	5.44858	-27.22717	SAX_LV_EPICARDIAL	12	1.0	1.0
72.40844	8.00353	-29.34449	SAX_LV_EPICARDIAL	12	1.0	1.0
71.59666	10.34409	-32.73414	SAX_LV_EPICARDIAL	12	1.0	1.0
70.78487	12.68466	-36.12378	SAX_LV_EPICARDIAL	12	1.0	1.0
69.64510	13.64056	-39.09094	SAX_LV_EPICARDIAL	12	1.0	1.0
68.50532	14.59646	-42.05810	SAX_LV_EPICARDIAL	12	1.0	1.0
67.36555	15.55236	-45.02525	SAX_LV_EPICARDIAL	12	1.0	1.0
65.89779	15.12360	-47.56992	SAX_LV_EPICARDIAL	12	1.0	1.0
64.43003	14.69484	-50.11458	SAX_LV_EPICARDIAL	12	1.0	1.0
62.96227	14.26607	-52.65925	SAX_LV_EPICARDIAL	12	1.0	1.0
61.16653	12.45265	-54.78142	SAX_LV_EPICARDIAL	12	1.0	1.0
59.69877	12.02388	-57.32609	SAX_LV_EPICARDIAL	12	1.0	1.0
57.57503	8.82579	-59.02577	SAX_LV_EPICARDIAL	12	1.0	1.0
55.77929	7.01236	-61.14795	SAX_LV_EPICARDIAL	12	1.0	1.0
54.38943	4.02865	-61.57530	SAX_LV_EPICARDIAL	12	1.0	1.0
52.99958	1.04494	-62.00265	SAX_LV_EPICARDIAL	12	1.0	1.0
52.34361	-1.72438	-61.15766	SAX_LV_EPICARDIAL	12	1.0	1.0
51.68763	-4.49371	-60.31268	SAX_LV_EPICARDIAL	12	1.0	1.0
51.03166	-7.26304	-59.46770	SAX_LV_EPICARDIAL	12	1.0	1.0
50.37569	-10.03237	-58.62272	SAX_LV_EPICARDIAL	12	1.0	1.0
50.45359	-12.58732	-56.50540	SAX_LV_EPICARDIAL	12	1.0	1.0
50.53150	-15.14226	-54.38809	SAX_LV_EPICARDIAL	12	1.0	1.0
50.60941	-17.69721	-52.27077	SAX_LV_EPICARDIAL	12	1.0	1.0
51.74918	-18.65311	-49.30361	SAX_LV_EPICARDIAL	12	1.0	1.0
52.88895	-19.60901	-46.33646	SAX_LV_EPICARDIAL	12	1.0	1.0
54.02872	-20.56491	-43.36930	SAX_LV_EPICARDIAL	12	1.0	1.0
55.16850	-21.52081	-40.40214	SAX_LV_EPICARDIAL	12	1.0	1.0
56.63626	-21.09205	-37.85748	SAX_LV_EPICARDIAL	12	1.0	1.0
63.49126	-15.22301	-28.94629	SAX_LV_ENDOCARDIAL	12	1.0	1.0
65.61499	-12.02491	-27.24661	SAX_LV_ENDOCARDIAL	12	1.0	1.0
67.00484	-9.04120	-26.81926	SAX_LV_ENDOCARDIAL	12	1.0	1.0
68.39469	-6.05749	-26.39191	SAX_LV_ENDOCARDIAL	12	1.0	1.0
69.05067	-3.28817	-27.23689	SAX_LV_ENDOCARDIAL	12	1.0	1.0
69.70664	-0.51884	-28.08187	SAX_LV_ENDOCARDIAL	12	1.0	1.0
70.36262	2.25049	-28.92686	SAX_LV_ENDOCARDIAL	12	1.0	1.0
70.28471	4.80544	-31.04417	SAX_LV_ENDOCARDIAL	12	1.0	1.0
70.20680	7.36038	-33.16149	SAX_LV_ENDOCARDIAL	12	1.0	1.0
69.39502	9.70095	-36.55113	SAX_LV_ENDOCARDIAL	12	1.0	1.0
68.25524	10.65685	-39.51829	SAX_LV_ENDOCARDIAL	12	1.0	1.0
67.11547	11.61275	-42.48545	SAX_LV_ENDOCARDIAL	12	1.0	1.0
65.97570	12.56865	-45.45260	SAX_LV_ENDOCARDIAL	12	1.0	1.0
64.50794	12.13989	-47.99727	SAX_LV_ENDOCARDIAL	12	1.0	1.0
63.04018	11.71113	-50.54193	SAX_LV_ENDOCARDIAL	12	1.0	1.0
61.24443	9.89770	-52.66411	SAX_LV_ENDOCARDIAL	12	1.0	1.0
59.44869	8.08427	-54.78628	SAX_LV_ENDOCARDIAL	12	1.0	1.0
57.65294	6.27084	-56.90846	SAX_LV_ENDOCARDIAL	12	1.0	1.0
56.26309	3.28713	-57.33581	SAX_LV_ENDOCARDIAL	12	1.0	1.0
54.87323	0.30342	-57.76316	SAX_LV_ENDOCARDIAL	12	1.0	1.0
54.21726	-2.46590	-56.91817	SAX_LV_ENDOCARDIAL	12	1.0	1.0
53.56129	-5.23523	-56.07319	SAX_LV_ENDOCARDIAL	12	1.0	1.0
52.90531	-8.00456	-55.22821	SAX_LV_ENDOCARDIAL	12	1.0	1.0
52.98322	-10.55951	-53.11089	SAX_LV_ENDOCARDIAL	12	1.0	1.0
54.12299	-11.51541	-50.14374	SAX_LV_ENDOCARDIAL	12	1.0	1.0
54.20090	-14.07036	-48.02642	SAX_LV_ENDOCARDIAL	12	1.0	1.0
55.34067	-15.02626	-45.05927	SAX_LV_ENDOCARDIAL	12	1.0	1.0
56.48044	-15.98216	-42.09211	SAX_LV_ENDOCARDIAL	12	1.0	1.0
57.94820	-15.55339	-39.54744	SAX_LV_ENDOCARDIAL	12	1.0	1.0
59.41596	-15.12463	-37.00278	SAX_LV_ENDOCARDIAL	12	1.0	1.0
60.55574	-16.08053	-34.03562	SAX_LV_ENDOCARDIAL	12	1.0	1.0
62.02350	-15.65177	-31.49096	SAX_LV_ENDOCARDIAL	12	1.0	1.0
48.32822	-48.17949	-47.13707	LAX_RV_FREEWALL	3	1.0	1.0
47.45024	-46.81434	-44.24184	LAX_RV_FREEWALL	3	1.0	1.0
46.57227	-45.44920	-41.34660	LAX_RV_FREEWALL	3	1.0	1.0
46.49392	-45.33266	-38.38118	LAX_RV_FREEWALL	3	1.0	1.0
45.61594	-43.96751	-35.48594	LAX_RV_FREEWALL	3	1.0	1.0
45.53759	-43.85098	-32.52052	LAX_RV_FREEWALL	3	1.0	1.0
44.65962	-42.48583	-29.62528	LAX_RV_FREEWALL	3	1.0	1.0
44.58127	-42.36930	-26.65986	LAX_RV_FREEWALL	3	1.0	1.0
43.70329	-41.00415	-23.76462	LAX_RV_FREEWALL	3	1.0	1.0
43.62494	-40.88762	-20.79920	LAX_RV_FREEWALL	3	1.0	1.0
42.74696	-39.52247	-17.90396	LAX_RV_FREEWALL	3	1.0	1.0
42.66861	-39.40594	-14.93854	LAX_RV_FREEWALL	3	1.0	1.0
41.79064	-38.04079	-12.04330	LAX_RV_FREEWALL	3	1.0	1.0
40.91266	-36.67564	-9.14807	LAX_RV_FREEWALL	3	1.0	1.0
39.23507	-34.06187	-6.32303	LAX_RV_FREEWALL	3	1.0	1.0
38.35709	-32.69672	-3.42780	LAX_RV_FREEWALL	3	1.0	1.0
36.67950	-30.08296	-0.60276	LAX_RV_FREEWALL	3	1.0	1.0
35.04108	-27.52746	0.73957	LAX_RV_FREEWALL	3	1.0	1.0
33.36348	-24.91369	3.56461	LAX_RV_FREEWALL	3	1.0	1.0
21.89453	-7.02518	12.96088	LAX_RV_FREEWALL	3	1.0	1.0
20.25611	-4.46968	14.30321	LAX_RV_FREEWALL	3	1.0	1.0
18.65687	-1.97245	14.16282	LAX_RV_FREEWALL	3	1.0	1.0
17.05762	0.52479	14.02243	LAX_RV_FREEWALL	3	1.0	1.0
15.53673	2.90549	10.91662	LAX_RV_FREEWALL	3	1.0	1.0
15.61508	2.78896	7.95119	LAX_RV_FREEWALL	3	1.0	1.0
14.89381	3.92105	4.91557	LAX_RV_FREEWALL	3	1.0	1.0
28.84694	-17.72151	-68.16720	LAX_RV_FREEWALL	3	1.0	1.0
30.48537	-20.27701	-69.50952	LAX_RV_FREEWALL	3	1.0	1.0
32.12379	-22.83251	-70.85185	LAX_RV_FREEWALL	3	1.0	1.0
33.76221	-25.38801	-72.19417	LAX_RV_FREEWALL	3	1.0	1.0
35.40063	-27.94352	-73.53650	LAX_RV_FREEWALL	3	1.0	1.0
37.03905	-30.49902	-74.87882	LAX_RV_FREEWALL	3	1.0	1.0
38.63829	-32.99625	-74.73843	LAX_RV_FREEWALL	3	1.0	1.0
40.27671	-35.55175	-76.08076	LAX_RV_FREEWALL	3	1.0	1.0
41.91514	-38.10725	-77.42309	LAX_RV_FREEWALL	3	1.0	1.0
43.47520	-40.54622	-75.79998	LAX_RV_FREEWALL	3	1.0	1.0
45.03527	-42.98519	-74.17688	LAX_RV_FREEWALL	3	1.0	1.0
46.55617	-45.36590	-71.07107	LAX_RV_FREEWALL	3	1.0	1.0
47.27744	-46.49798	-68.03545	LAX_RV_FREEWALL	3	1.0	1.0
47.99871	-47.63007	-64.99982	LAX_RV_FREEWALL	3	1.0	1.0
47.92036	-47.51354	-62.03440	LAX_RV_FREEWALL	3	1.0	1.0
48.64163	-48.64562	-58.99878	LAX_RV_FREEWALL	3	1.0	1.0
48.56327	-48.52909	-56.03335	LAX_RV_FREEWALL	3	1.0	1.0
48.48492	-48.41256	-53.06792	LAX_RV_FREEWALL	3	1.0	1.0
47.60695	-47.04741	-50.17269	LAX_RV_FREEWALL	3	1.0	1.0
3.12443	-26.41897	-9.52405	LAX_RV_EPICARDIAL	5	1.0	1.0
4.48979	-29.44414	-9.49292	LAX_RV_EPICARDIAL	5	1.0	1.0
5.85515	-32.46932	-9.46178	LAX_RV_EPICARDIAL	5	1.0	1.0
8.55388	-35.62761	-10.06922	LAX_RV_EPICARDIAL	5	1.0	1.0
11.23661	-37.33988	-11.01152	LAX_RV_EPICARDIAL	5	1.0	1.0
13.91934	-39.05216	-11.95382	LAX_RV_EPICARDIAL	5	1.0	1.0
16.60207	-40.76443	-12.89612	LAX_RV_EPICARDIAL	5	1.0	1.0
19.30080	-43.92273	-13.50356	LAX_RV_EPICARDIAL	5	1.0	1.0
21.96753	-44.18897	-14.78072	LAX_RV_EPICARDIAL	5	1.0	1.0
24.63427	-44.45522	-16.05787	LAX_RV_EPICARDIAL	5	1.0	1.0
27.31700	-46.16750	-17.00017	LAX_RV_EPICARDIAL	5	1.0	1.0
29.98373	-46.43374	-18.27733	LAX_RV_EPICARDIAL	5	1.0	1.0
32.65046	-46.69999	-19.55448	LAX_RV_EPICARDIAL	5	1.0	1.0
35.31719	-46.96624	-20.83164	LAX_RV_EPICARDIAL	5	1.0	1.0
37.96793	-45.78647	-22.44365	LAX_RV_EPICARDIAL	5	1.0	1.0
40.63466	-46.05272	-23.72080	LAX_RV_EPICARDIAL	5	1.0	1.0
43.26940	-43.42692	-25.66767	LAX_RV_EPICARDIAL	5	1.0	1.0
45.93613	-43.69317	-26.94483	LAX_RV_EPICARDIAL	5	1.0	1.0
48.58687	-42.51339	-28.55684	LAX_RV_EPICARDIAL	5	1.0	1.0
51.23760	-41.33362	-30.16885	LAX_RV_EPICARDIAL	5	1.0	1.0
53.88834	-40.15384	-31.78086	LAX_RV_EPICARDIAL	5	1.0	1.0
56.53907	-38.97407	-33.39288	LAX_RV_EPICARDIAL	5	1.0	1.0
59.18980	-37.79429	-35.00489	LAX_RV_EPICARDIAL	5	1.0	1.0
61.84054	-36.61452	-36.61690	LAX_RV_EPICARDIAL	5	1.0	1.0
64.49127	-35.43474	-38.22891	LAX_RV_EPICARDIAL	5	1.0	1.0
67.14201	-34.25497	-39.84092	LAX_RV_EPICARDIAL	5	1.0	1.0
69.77675	-31.62917	-41.78779	LAX_RV_EPICARDIAL	5	1.0	1.0
71.07812	-28.87025	-43.09608	LAX_RV_EPICARDIAL	5	1.0	1.0
4.39380	-20.76800	-11.50206	LAX_RV_EPICARDIAL	5	1.0	1.0
3.09243	-23.52693	-10.19377	LAX_RV_EPICARDIAL	5	1.0	1.0
3.12443	-26.41897	-9.52405	LAX_RV_FREEWALL	5	1.0	1.0
5.82316	-29.57727	-10.13149	LAX_RV_FREEWALL	5	1.0	1.0
8.50589	-31.28954	-11.07379	LAX_RV_FREEWALL	5	1.0	1.0
11.20462	-34.44784	-11.68123	LAX_RV_FREEWALL	5	1.0	1.0
13.88735	-36.16011	-12.62353	LAX_RV_FREEWALL	5	1.0	1.0
16.57008	-37.87238	-13.56583	LAX_RV_FREEWALL	5	1.0	1.0
19.25281	-39.58465	-14.50813	LAX_RV_FREEWALL	5	1.0	1.0
21.93554	-41.29693	-15.45043	LAX_RV_FREEWALL	5	1.0	1.0
24.60227	-41.56318	-16.72759	LAX_RV_FREEWALL	5	1.0	1.0
27.26900	-41.82942	-18.00474	LAX_RV_FREEWALL	5	1.0	1.0
29.93574	-42.09567	-19.28190	LAX_RV_FREEWALL	5	1.0	1.0
32.60247	-42.36192	-20.55905	LAX_RV_FREEWALL	5	1.0	1.0
35.26920	-42.62817	-21.83621	LAX_RV_FREEWALL	5	1.0	1.0
37.93593	-42.89442	-23.11336	LAX_RV_FREEWALL	5	1.0	1.0
40.58667	-41.71464	-24.72537	LAX_RV_FREEWALL	5	1.0	1.0
43.25340	-41.98089	-26.00253	LAX_RV_FREEWALL	5	1.0	1.0
45.90414	-40.80112	-27.61454	LAX_RV_FREEWALL	5	1.0	1.0
48.55487	-39.62134	-29.22655	LAX_RV_FREEWALL	5	1.0	1.0
51.20560	-38.44157	-30.83857	LAX_RV_FREEWALL	5	1.0	1.0
53.85634	-37.26179	-32.45058	LAX_RV_FREEWALL	5	1.0	1.0
56.50707	-36.08202	-34.06259	LAX_RV_FREEWALL	5	1.0	1.0
59.17381	-36.34827	-35.33975	LAX_RV_FREEWALL	5	1.0	1.0
61.80854	-33.72247	-37.28661	LAX_RV_FREEWALL	5	1.0	1.0
64.45928	-32.54269	-38.89863	LAX_RV_FREEWALL	5	1.0	1.0
67.11001	-31.36292	-40.51064	LAX_RV_FREEWALL	5	1.0	1.0
68.41138	-28.60400	-41.81893	LAX_RV_FREEWALL	5	1.0	1.0
3.07644	-22.08090	-10.52862	LAX_RV_FREEWALL	5	1.0	1.0
3.10843	-24.97295	-9.85891	LAX_RV_FREEWALL	5	1.0	1.0
71.04612	-25.97820	-43.76580	LAX_RV_SEPTUM	5	1.0	1.0
71.01412	-23.08615	-44.43551	LAX_RV_SEPTUM	5	1.0	1.0
69.66476	-21.50700	-44.13179	LAX_RV_SEPTUM	5	1.0	1.0
66.99803	-21.24075	-42.85463	LAX_RV_SEPTUM	5	1.0	1.0
64.34729	-22.42053	-41.24262	LAX_RV_SEPTUM	5	1.0	1.0
61.68056	-22.15428	-39.96547	LAX_RV_SEPTUM	5	1.0	1.0
59.01383	-21.88803	-38.68831	LAX_RV_SEPTUM	5	1.0	1.0
56.34710	-21.62178	-37.41116	LAX_RV_SEPTUM	5	1.0	1.0
53.68036	-21.35553	-36.13400	LAX_RV_SEPTUM	5	1.0	1.0
51.01363	-21.08928	-34.85685	LAX_RV_SEPTUM	5	1.0	1.0
48.33090	-19.37701	-33.91455	LAX_RV_SEPTUM	5	1.0	1.0
45.66417	-19.11076	-32.63739	LAX_RV_SEPTUM	5	1.0	1.0
42.99744	-18.84451	-31.36024	LAX_RV_SEPTUM	5	1.0	1.0
40.33070	-18.57827	-30.08308	LAX_RV_SEPTUM	5	1.0	1.0
37.66397	-18.31202	-28.80592	LAX_RV_SEPTUM	5	1.0	1.0
34.99724	-18.04577	-27.52877	LAX_RV_SEPTUM	5	1.0	1.0
32.31451	-16.33350	-26.58647	LAX_RV_SEPTUM	5	1.0	1.0
29.64777	-16.06725	-25.30932	LAX_RV_SEPTUM	5	1.0	1.0
26.98104	-15.80100	-24.03216	LAX_RV_SEPTUM	5	1.0	1.0
24.31431	-15.53475	-22.75500	LAX_RV_SEPTUM	5	1.0	1.0
21.64758	-15.26850	-21.47785	LAX_RV_SEPTUM	5	1.0	1.0
18.98084	-15.00225	-20.20069	LAX_RV_SEPTUM	5	1.0	1.0
16.31411	-14.73600	-18.92354	LAX_RV_SEPTUM	5	1.0	1.0
13.66338	-15.91578	-17.31153	LAX_RV_SEPTUM	5	1.0	1.0
10.99664	-15.64953	-16.03437	LAX_RV_SEPTUM	5	1.0	1.0
8.32991	-15.38328	-14.75722	LAX_RV_SEPTUM	5	1.0	1.0
5.67918	-16.56306	-13.14520	LAX_RV_SEPTUM	5	1.0	1.0
4.37781	-19.32198	-11.83691	LAX_RV_SEPTUM	5	1.0	1.0
74.93423	-16.25541	-48.02553	LAX_LV_EPICARDIAL	5	1.0	1.0
76.23561	-13.49648	-49.33382	LAX_LV_EPICARDIAL	5	1.0	1.0
77.53698	-10.73756	-50.64211	LAX_LV_EPICARDIAL	5	1.0	1.0
77.50498	-7.84551	-51.31182	LAX_LV_EPICARDIAL	5	1.0	1.0
77.47298	-4.95347	-51.98154	LAX_LV_EPICARDIAL	5	1.0	1.0
76.10762	-1.92829	-52.01267	LAX_LV_EPICARDIAL	5	1.0	1.0
74.74226	1.09688	-52.04381	LAX_LV_EPICARDIAL	5	1.0	1.0
73.37690	4.12205	-52.07494	LAX_LV_EPICARDIAL	5	1.0	1.0
70.67817	7.28035	-51.46750	LAX_LV_EPICARDIAL	5	1.0	1.0
69.31281	10.30552	-51.49864	LAX_LV_EPICARDIAL	5	1.0	1.0
66.61408	13.46381	-50.89119	LAX_LV_EPICARDIAL	5	1.0	1.0
63.91535	16.62211	-50.28375	LAX_LV_EPICARDIAL	5	1.0	1.0
61.23262	18.33438	-49.34145	LAX_LV_EPICARDIAL	5	1.0	1.0
58.53389	21.49268	-48.73401	LAX_LV_EPICARDIAL	5	1.0	1.0
55.85116	23.20495	-47.79171	LAX_LV_EPICARDIAL	5	1.0	1.0
53.16843	24.91722	-46.84941	LAX_LV_EPICARDIAL	5	1.0	1.0
50.48570	26.62950	-45.90711	LAX_LV_EPICARDIAL	5	1.0	1.0
47.80297	28.34177	-44.96482	LAX_LV_EPICARDIAL	5	1.0	1.0
45.12024	30.05404	-44.02252	LAX_LV_EPICARDIAL	5	1.0	1.0
42.43751	31.76631	-43.08022	LAX_LV_EPICARDIAL	5	1.0	1.0
39.75478	33.47858	-42.13792	LAX_LV_EPICARDIAL	5	1.0	1.0
37.08805	33.74483	-40.86076	LAX_LV_EPICARDIAL	5	1.0	1.0
34.40532	35.45711	-39.91846	LAX_LV_EPICARDIAL	5	1.0	1.0
31.73859	35.72335	-38.64131	LAX_LV_EPICARDIAL	5	1.0	1.0
29.07185	35.98960	-37.36415	LAX_LV_EPICARDIAL	5	1.0	1.0
26.38912	37.70188	-36.42186	LAX_LV_EPICARDIAL	5	1.0	1.0
23.72239	37.96812	-35.14470	LAX_LV_EPICARDIAL	5	1.0	1.0
21.05566	38.23437	-33.86754	LAX_LV_EPICARDIAL	5	1.0	1.0
18.38892	38.50062	-32.59039	LAX_LV_EPICARDIAL	5	1.0	1.0
15.73819	37.32085	-30.97838	LAX_LV_EPICARDIAL	5	1.0	1.0
13.10345	34.69505	-29.03151	LAX_LV_EPICARDIAL	5	1.0	1.0
13.13545	31.80300	-28.36180	LAX_LV_EPICARDIAL	5	1.0	1.0
11.83408	29.04408	-27.05350	LAX_LV_EPICARDIAL	5	1.0	1.0
11.86607	26.15203	-26.38379	LAX_LV_EPICARDIAL	5	1.0	1.0
13.23144	23.12686	-26.35266	LAX_LV_EPICARDIAL	5	1.0	1.0
4.08985	6.70645	-17.86433	LAX_LV_EPICARDIAL	5	1.0	1.0
2.78848	3.94752	-16.55604	LAX_LV_EPICARDIAL	5	1.0	1.0
9.58329	-8.28629	-17.07008	LAX_LV_ENDOCARDIAL	5	1.0	1.0
12.23402	-7.10651	-18.68209	LAX_LV_ENDOCARDIAL	5	1.0	1.0
14.88476	-5.92674	-20.29410	LAX_LV_ENDOCARDIAL	5	1.0	1.0
17.55149	-6.19299	-21.57126	LAX_LV_ENDOCARDIAL	5	1.0	1.0
20.21822	-6.45924	-22.84841	LAX_LV_ENDOCARDIAL	5	1.0	1.0
22.88496	-6.72548	-24.12557	LAX_LV_ENDOCARDIAL	5	1.0	1.0
25.55169	-6.99173	-25.40272	LAX_LV_ENDOCARDIAL	5	1.0	1.0
28.20242	-5.81196	-27.01473	LAX_LV_ENDOCARDIAL	5	1.0	1.0
30.86916	-6.07821	-28.29189	LAX_LV_ENDOCARDIAL	5	1.0	1.0
33.55189	-7.79048	-29.23419	LAX_LV_ENDOCARDIAL	5	1.0	1.0
36.21862	-8.05673	-30.51134	LAX_LV_ENDOCARDIAL	5	1.0	1.0
38.88535	-8.32298	-31.78850	LAX_LV_ENDOCARDIAL	5	1.0	1.0
41.56808	-10.03525	-32.73080	LAX_LV_ENDOCARDIAL	5	1.0	1.0
44.23481	-10.30150	-34.00795	LAX_LV_ENDOCARDIAL	5	1.0	1.0
46.90155	-10.56775	-35.28511	LAX_LV_ENDOCARDIAL	5	1.0	1.0
49.58428	-12.28002	-36.22741	LAX_LV_ENDOCARDIAL	5	1.0	1.0
52.25101	-12.54627	-37.50456	LAX_LV_ENDOCARDIAL	5	1.0	1.0
54.91774	-12.81252	-38.78172	LAX_LV_ENDOCARDIAL	5	1.0	1.0
57.58448	-13.07876	-40.05887	LAX_LV_ENDOCARDIAL	5	1.0	1.0
60.26721	-14.79104	-41.00117	LAX_LV_ENDOCARDIAL	5	1.0	1.0
62.93394	-15.05729	-42.27833	LAX_LV_ENDOCARDIAL	5	1.0	1.0
65.60067	-15.32353	-43.55548	LAX_LV_ENDOCARDIAL	5	1.0	1.0
68.26740	-15.58978	-44.83264	LAX_LV_ENDOCARDIAL	5	1.0	1.0
70.93414	-15.85603	-46.10979	LAX_LV_ENDOCARDIAL	5	1.0	1.0
73.58487	-14.67626	-47.72181	LAX_LV_ENDOCARDIAL	5	1.0	1.0
73.55287	-11.78421	-48.39152	LAX_LV_ENDOCARDIAL	5	1.0	1.0
74.85425	-9.02529	-49.69981	LAX_LV_ENDOCARDIAL	5	1.0	1.0
73.48888	-6.00012	-49.73095	LAX_LV_ENDOCARDIAL	5	1.0	1.0
72.12352	-2.97494	-49.76208	LAX_LV_ENDOCARDIAL	5	1.0	1.0
70.75816	0.05023	-49.79322	LAX_LV_ENDOCARDIAL	5	1.0	1.0
68.05943	3.20852	-49.18577	LAX_LV_ENDOCARDIAL	5	1.0	1.0
66.69407	6.23370	-49.21691	LAX_LV_ENDOCARDIAL	5	1.0	1.0
63.99534	9.39199	-48.60947	LAX_LV_ENDOCARDIAL	5	1.0	1.0
61.29661	12.55029	-48.00203	LAX_LV_ENDOCARDIAL	5	1.0	1.0
58.61388	14.26256	-47.05973	LAX_LV_ENDOCARDIAL	5	1.0	1.0
55.91515	17.42086	-46.45228	LAX_LV_ENDOCARDIAL	5	1.0	1.0
53.23242	19.13313	-45.50999	LAX_LV_ENDOCARDIAL	5	1.0	1.0
50.54969	20.84540	-44.56769	LAX_LV_ENDOCARDIAL	5	1.0	1.0
47.86696	22.55767	-43.62539	LAX_LV_ENDOCARDIAL	5	1.0	1.0
45.18423	24.26995	-42.68309	LAX_LV_ENDOCARDIAL	5	1.0	1.0
42.50150	25.98222	-41.74079	LAX_LV_ENDOCARDIAL	5	1.0	1.0
39.83477	26.24847	-40.46364	LAX_LV_ENDOCARDIAL	5	1.0	1.0
37.15204	27.96074	-39.52134	LAX_LV_ENDOCARDIAL	5	1.0	1.0
34.48531	28.22699	-38.24418	LAX_LV_ENDOCARDIAL	5	1.0	1.0
31.80258	29.93926	-37.30188	LAX_LV_ENDOCARDIAL	5	1.0	1.0
29.13584	30.20551	-36.02473	LAX_LV_ENDOCARDIAL	5	1.0	1.0
26.46911	30.47176	-34.74757	LAX_LV_ENDOCARDIAL	5	1.0	1.0
23.80238	30.73801	-33.47042	LAX_LV_ENDOCARDIAL	5	1.0	1.0
21.11965	32.45028	-32.52812	LAX_LV_ENDOCARDIAL	5	1.0	1.0
18.45292	32.71653	-31.25096	LAX_LV_ENDOCARDIAL	5	1.0	1.0
15.80218	31.53675	-29.63895	LAX_LV_ENDOCARDIAL	5	1.0	1.0
13.15145	30.35698	-28.02694	LAX_LV_ENDOCARDIAL	5	1.0	1.0
11.85008	27.59805	-26.71865	LAX_LV_ENDOCARDIAL	5	1.0	1.0
13.21544	24.57288	-26.68751	LAX_LV_ENDOCARDIAL	5	1.0	1.0
2.77248	5.39355	-16.89090	LAX_LV_ENDOCARDIAL	5	1.0	1.0
-33.89295	-41.84128	-57.31031	LAX_RV_EPICARDIAL	9	1.0	1.0
-32.71247	-44.17610	-59.35283	LAX_RV_EPICARDIAL	9	1.0	1.0
-31.53199	-46.51093	-61.39536	LAX_RV_EPICARDIAL	9	1.0	1.0
-28.89358	-48.81027	-63.71458	LAX_RV_EPICARDIAL	9	1.0	1.0
-26.25518	-51.10961	-66.03381	LAX_RV_EPICARDIAL	9	1.0	1.0
-23.47805	-52.22379	-67.47012	LAX_RV_EPICARDIAL	9	1.0	1.0
-20.70092	-53.33798	-68.90643	LAX_RV_EPICARDIAL	9	1.0	1.0
-17.92379	-54.45217	-70.34274	LAX_RV_EPICARDIAL	9	1.0	1.0
-15.14666	-55.56635	-71.77905	LAX_RV_EPICARDIAL	9	1.0	1.0
-12.23081	-55.49539	-72.33245	LAX_RV_EPICARDIAL	9	1.0	1.0
-9.45368	-56.60957	-73.76876	LAX_RV_EPICARDIAL	9	1.0	1.0
-6.53783	-56.53860	-74.32216	LAX_RV_EPICARDIAL	9	1.0	1.0
-3.62198	-56.46764	-74.87556	LAX_RV_EPICARDIAL	9	1.0	1.0
-0.70613	-56.39667	-75.42896	LAX_RV_EPICARDIAL	9	1.0	1.0
2.34845	-55.14055	-75.09944	LAX_RV_EPICARDIAL	9	1.0	1.0
5.40302	-53.88443	-74.76993	LAX_RV_EPICARDIAL	9	1.0	1.0
8.31887	-53.81346	-75.32333	LAX_RV_EPICARDIAL	9	1.0	1.0
11.37345	-52.55734	-74.99381	LAX_RV_EPICARDIAL	9	1.0	1.0
14.28930	-52.48637	-75.54721	LAX_RV_EPICARDIAL	9	1.0	1.0
17.20515	-52.41541	-76.10061	LAX_RV_EPICARDIAL	9	1.0	1.0
20.12100	-52.34444	-76.65401	LAX_RV_EPICARDIAL	9	1.0	1.0
23.17558	-51.08832	-76.32449	LAX_RV_EPICARDIAL	9	1.0	1.0
26.09143	-51.01735	-76.87789	LAX_RV_EPICARDIAL	9	1.0	1.0
29.00728	-50.94638	-77.43129	LAX_RV_EPICARDIAL	9	1.0	1.0
31.92313	-50.87541	-77.98469	LAX_RV_EPICARDIAL	9	1.0	1.0
34.83898	-50.80445	-78.53809	LAX_RV_EPICARDIAL	9	1.0	1.0
37.89356	-49.54833	-78.20857	LAX_RV_EPICARDIAL	9	1.0	1.0
40.94813	-48.29221	-77.87906	LAX_RV_EPICARDIAL	9	1.0	1.0
44.00271	-47.03608	-77.54954	LAX_RV_EPICARDIAL	9	1.0	1.0
46.91856	-46.96512	-78.10294	LAX_RV_EPICARDIAL	9	1.0	1.0
49.97313	-45.70900	-77.77343	LAX_RV_EPICARDIAL	9	1.0	1.0
53.02771	-44.45287	-77.44391	LAX_RV_EPICARDIAL	9	1.0	1.0
56.22101	-42.01160	-76.23148	LAX_RV_EPICARDIAL	9	1.0	1.0
59.41430	-39.57033	-75.01906	LAX_RV_EPICARDIAL	9	1.0	1.0
61.14967	-37.16453	-73.52993	LAX_RV_EPICARDIAL	9	1.0	1.0
62.88505	-34.75874	-72.04080	LAX_RV_EPICARDIAL	9	1.0	1.0
64.62042	-32.35295	-70.55167	LAX_RV_EPICARDIAL	9	1.0	1.0
64.89786	-29.98264	-68.78585	LAX_RV_EPICARDIAL	9	1.0	1.0
-26.53529	-28.66265	-48.70506	LAX_RV_EPICARDIAL	9	1.0	1.0
-28.27067	-31.06845	-50.19418	LAX_RV_EPICARDIAL	9	1.0	1.0
-30.00604	-33.47424	-51.68331	LAX_RV_EPICARDIAL	9	1.0	1.0
-31.74141	-35.88003	-53.17244	LAX_RV_EPICARDIAL	9	1.0	1.0
-32.01886	-38.25033	-54.93827	LAX_RV_EPICARDIAL	9	1.0	1.0
-33.75423	-40.65613	-56.42739	LAX_RV_EPICARDIAL	9	1.0	1.0
-30.97710	-41.77031	-57.86370	LAX_RV_FREEWALL	9	1.0	1.0
-29.79662	-44.10514	-59.90623	LAX_RV_FREEWALL	9	1.0	1.0
-27.15821	-46.40448	-62.22545	LAX_RV_FREEWALL	9	1.0	1.0
-24.51981	-48.70382	-64.54468	LAX_RV_FREEWALL	9	1.0	1.0
-21.74268	-49.81800	-65.98099	LAX_RV_FREEWALL	9	1.0	1.0
-18.96555	-50.93219	-67.41730	LAX_RV_FREEWALL	9	1.0	1.0
-16.18842	-52.04638	-68.85361	LAX_RV_FREEWALL	9	1.0	1.0
-13.27257	-51.97541	-69.40701	LAX_RV_FREEWALL	9	1.0	1.0
-10.49544	-53.08959	-70.84332	LAX_RV_FREEWALL	9	1.0	1.0
-7.57959	-53.01863	-71.39672	LAX_RV_FREEWALL	9	1.0	1.0
-4.66374	-52.94766	-71.95012	LAX_RV_FREEWALL	9	1.0	1.0
-1.74789	-52.87669	-72.50352	LAX_RV_FREEWALL	9	1.0	1.0
1.30669	-51.62057	-72.17400	LAX_RV_FREEWALL	9	1.0	1.0
4.22254	-51.54960	-72.72740	LAX_RV_FREEWALL	9	1.0	1.0
7.13839	-51.47864	-73.28080	LAX_RV_FREEWALL	9	1.0	1.0
10.19297	-50.22252	-72.95129	LAX_RV_FREEWALL	9	1.0	1.0
13.10882	-50.15155	-73.50468	LAX_RV_FREEWALL	9	1.0	1.0
16.16339	-48.89543	-73.17517	LAX_RV_FREEWALL	9	1.0	1.0
19.07924	-48.82446	-73.72857	LAX_RV_FREEWALL	9	1.0	1.0
21.99510	-48.75349	-74.28197	LAX_RV_FREEWALL	9	1.0	1.0
24.91095	-48.68253	-74.83537	LAX_RV_FREEWALL	9	1.0	1.0
27.96552	-47.42640	-74.50585	LAX_RV_FREEWALL	9	1.0	1.0
30.88137	-47.35544	-75.05925	LAX_RV_FREEWALL	9	1.0	1.0
33.79723	-47.28447	-75.61265	LAX_RV_FREEWALL	9	1.0	1.0
36.71308	-47.21350	-76.16605	LAX_RV_FREEWALL	9	1.0	1.0
39.76765	-45.95738	-75.83653	LAX_RV_FREEWALL	9	1.0	1.0
42.68350	-45.88641	-76.38993	LAX_RV_FREEWALL	9	1.0	1.0
45.73808	-44.63029	-76.06042	LAX_RV_FREEWALL	9	1.0	1.0
48.79265	-43.37417	-75.73090	LAX_RV_FREEWALL	9	1.0	1.0
51.98595	-40.93290	-74.51847	LAX_RV_FREEWALL	9	1.0	1.0
55.17925	-38.49162	-73.30604	LAX_RV_FREEWALL	9	1.0	1.0
58.37255	-36.05035	-72.09362	LAX_RV_FREEWALL	9	1.0	1.0
60.10792	-33.64456	-70.60449	LAX_RV_FREEWALL	9	1.0	1.0
60.38536	-31.27425	-68.83866	LAX_RV_FREEWALL	9	1.0	1.0
62.12074	-28.86846	-67.34954	LAX_RV_FREEWALL	9	1.0	1.0
-26.81274	-31.03296	-50.47088	LAX_RV_FREEWALL	9	1.0	1.0
-28.54811	-33.43875	-51.96001	LAX_RV_FREEWALL	9	1.0	1.0
-30.28348	-35.84454	-53.44914	LAX_RV_FREEWALL	9	1.0	1.0
-30.56093	-38.21485	-55.21496	LAX_RV_FREEWALL	9	1.0	1.0
-30.83838	-40.58516	-56.98079	LAX_RV_FREEWALL	9	1.0	1.0
62.39818	-26.49815	-65.58371	LAX_RV_SEPTUM	9	1.0	1.0
62.67563	-24.12784	-63.81788	LAX_RV_SEPTUM	9	1.0	1.0
59.89850	-23.01366	-62.38157	LAX_RV_SEPTUM	9	1.0	1.0
56.98265	-23.08462	-61.82817	LAX_RV_SEPTUM	9	1.0	1.0
54.06680	-23.15559	-61.27478	LAX_RV_SEPTUM	9	1.0	1.0
51.15094	-23.22656	-60.72138	LAX_RV_SEPTUM	9	1.0	1.0
48.23509	-23.29753	-60.16798	LAX_RV_SEPTUM	9	1.0	1.0
45.45796	-22.18334	-58.73167	LAX_RV_SEPTUM	9	1.0	1.0
42.68083	-21.06915	-57.29536	LAX_RV_SEPTUM	9	1.0	1.0
39.90371	-19.95497	-55.85904	LAX_RV_SEPTUM	9	1.0	1.0
36.98785	-20.02593	-55.30565	LAX_RV_SEPTUM	9	1.0	1.0
34.21073	-18.91175	-53.86933	LAX_RV_SEPTUM	9	1.0	1.0
31.29487	-18.98272	-53.31594	LAX_RV_SEPTUM	9	1.0	1.0
28.37902	-19.05368	-52.76254	LAX_RV_SEPTUM	9	1.0	1.0
25.46317	-19.12465	-52.20914	LAX_RV_SEPTUM	9	1.0	1.0
22.68604	-18.01046	-50.77283	LAX_RV_SEPTUM	9	1.0	1.0
19.77019	-18.08143	-50.21943	LAX_RV_SEPTUM	9	1.0	1.0
16.99306	-16.96724	-48.78312	LAX_RV_SEPTUM	9	1.0	1.0
14.21593	-15.85306	-47.34681	LAX_RV_SEPTUM	9	1.0	1.0
11.30008	-15.92403	-46.79341	LAX_RV_SEPTUM	9	1.0	1.0
8.52295	-14.80984	-45.35710	LAX_RV_SEPTUM	9	1.0	1.0
-2.03067	-5.61248	-36.08020	LAX_LV_EPICARDIAL	9	1.0	1.0
70.52015	-19.20981	-61.66973	LAX_LV_EPICARDIAL	9	1.0	1.0
72.25552	-16.80402	-60.18060	LAX_LV_EPICARDIAL	9	1.0	1.0
72.53297	-14.43371	-58.41477	LAX_LV_EPICARDIAL	9	1.0	1.0
72.81041	-12.06340	-56.64895	LAX_LV_EPICARDIAL	9	1.0	1.0
74.54578	-9.65761	-55.15982	LAX_LV_EPICARDIAL	9	1.0	1.0
73.36530	-7.32279	-53.11730	LAX_LV_EPICARDIAL	9	1.0	1.0
73.64275	-4.95248	-51.35147	LAX_LV_EPICARDIAL	9	1.0	1.0
73.92020	-2.58217	-49.58564	LAX_LV_EPICARDIAL	9	1.0	1.0
72.73972	-0.24735	-47.54312	LAX_LV_EPICARDIAL	9	1.0	1.0
71.55924	2.08747	-45.50059	LAX_LV_EPICARDIAL	9	1.0	1.0
70.37876	4.42230	-43.45807	LAX_LV_EPICARDIAL	9	1.0	1.0
69.19828	6.75712	-41.41554	LAX_LV_EPICARDIAL	9	1.0	1.0
66.55987	9.05646	-39.09632	LAX_LV_EPICARDIAL	9	1.0	1.0
63.92146	11.35580	-36.77709	LAX_LV_EPICARDIAL	9	1.0	1.0
62.74098	13.69063	-34.73457	LAX_LV_EPICARDIAL	9	1.0	1.0
60.10258	15.98997	-32.41534	LAX_LV_EPICARDIAL	9	1.0	1.0
57.46417	18.28931	-30.09612	LAX_LV_EPICARDIAL	9	1.0	1.0
54.68704	19.40349	-28.65980	LAX_LV_EPICARDIAL	9	1.0	1.0
51.90992	20.51768	-27.22349	LAX_LV_EPICARDIAL	9	1.0	1.0
49.27151	22.81702	-24.90427	LAX_LV_EPICARDIAL	9	1.0	1.0
46.49438	23.93120	-23.46796	LAX_LV_EPICARDIAL	9	1.0	1.0
43.71725	25.04539	-22.03165	LAX_LV_EPICARDIAL	9	1.0	1.0
40.80140	24.97442	-21.47825	LAX_LV_EPICARDIAL	9	1.0	1.0
38.02427	26.08861	-20.04194	LAX_LV_EPICARDIAL	9	1.0	1.0
35.24714	27.20280	-18.60562	LAX_LV_EPICARDIAL	9	1.0	1.0
32.33129	27.13183	-18.05223	LAX_LV_EPICARDIAL	9	1.0	1.0
29.41544	27.06086	-17.49883	LAX_LV_EPICARDIAL	9	1.0	1.0
26.49959	26.98989	-16.94543	LAX_LV_EPICARDIAL	9	1.0	1.0
23.58374	26.91893	-16.39203	LAX_LV_EPICARDIAL	9	1.0	1.0
20.66789	26.84796	-15.83863	LAX_LV_EPICARDIAL	9	1.0	1.0
17.47459	24.40669	-17.05106	LAX_LV_EPICARDIAL	9	1.0	1.0
15.73922	22.00089	-18.54019	LAX_LV_EPICARDIAL	9	1.0	1.0
-1.89195	-4.42732	-35.19728	LAX_LV_EPICARDIAL	9	1.0	1.0
2.48183	-4.32087	-36.02738	LAX_LV_ENDOCARDIAL	9	1.0	1.0
5.12024	-6.62021	-38.34661	LAX_LV_ENDOCARDIAL	9	1.0	1.0
7.89736	-7.73440	-39.78292	LAX_LV_ENDOCARDIAL	9	1.0	1.0
10.67449	-8.84859	-41.21923	LAX_LV_ENDOCARDIAL	9	1.0	1.0
13.59034	-8.77762	-41.77263	LAX_LV_ENDOCARDIAL	9	1.0	1.0
16.50620	-8.70665	-42.32603	LAX_LV_ENDOCARDIAL	9	1.0	1.0
19.28333	-9.82084	-43.76234	LAX_LV_ENDOCARDIAL	9	1.0	1.0
22.19918	-9.74987	-44.31574	LAX_LV_ENDOCARDIAL	9	1.0	1.0
25.11503	-9.67890	-44.86913	LAX_LV_ENDOCARDIAL	9	1.0	1.0
28.03088	-9.60794	-45.42253	LAX_LV_ENDOCARDIAL	9	1.0	1.0
30.80801	-10.72212	-46.85884	LAX_LV_ENDOCARDIAL	9	1.0	1.0
33.58514	-11.83631	-48.29516	LAX_LV_ENDOCARDIAL	9	1.0	1.0
36.50099	-11.76534	-48.84855	LAX_LV_ENDOCARDIAL	9	1.0	1.0
39.27812	-12.87953	-50.28487	LAX_LV_ENDOCARDIAL	9	1.0	1.0
42.05525	-13.99371	-51.72118	LAX_LV_ENDOCARDIAL	9	1.0	1.0
44.83238	-15.10790	-53.15749	LAX_LV_ENDOCARDIAL	9	1.0	1.0
47.60950	-16.22209	-54.59380	LAX_LV_ENDOCARDIAL	9	1.0	1.0
50.52536	-16.15112	-55.14720	LAX_LV_ENDOCARDIAL	9	1.0	1.0
53.30248	-17.26531	-56.58351	LAX_LV_ENDOCARDIAL	9	1.0	1.0
56.21834	-17.19434	-57.13691	LAX_LV_ENDOCARDIAL	9	1.0	1.0
58.99546	-18.30853	-58.57322	LAX_LV_ENDOCARDIAL	9	1.0	1.0
61.91132	-18.23756	-59.12662	LAX_LV_ENDOCARDIAL	9	1.0	1.0
64.82717	-18.16659	-59.68002	LAX_LV_ENDOCARDIAL	9	1.0	1.0
67.88174	-16.91047	-59.35050	LAX_LV_ENDOCARDIAL	9	1.0	1.0
69.61711	-14.50468	-57.86138	LAX_LV_ENDOCARDIAL	9	1.0	1.0
71.35249	-12.09889	-56.37225	LAX_LV_ENDOCARDIAL	9	1.0	1.0
70.17201	-9.76406	-54.32972	LAX_LV_ENDOCARDIAL	9	1.0	1.0
70.44945	-7.39376	-52.56390	LAX_LV_ENDOCARDIAL	9	1.0	1.0
69.26897	-5.05893	-50.52137	LAX_LV_ENDOCARDIAL	9	1.0	1.0
68.08849	-2.72411	-48.47885	LAX_LV_ENDOCARDIAL	9	1.0	1.0
68.36594	-0.35380	-46.71302	LAX_LV_ENDOCARDIAL	9	1.0	1.0
67.18546	1.98102	-44.67049	LAX_LV_ENDOCARDIAL	9	1.0	1.0
64.54705	4.28036	-42.35127	LAX_LV_ENDOCARDIAL	9	1.0	1.0
63.36657	6.61519	-40.30874	LAX_LV_ENDOCARDIAL	9	1.0	1.0
60.72817	8.91453	-37.98952	LAX_LV_ENDOCARDIAL	9	1.0	1.0
58.08976	11.21387	-35.67029	LAX_LV_ENDOCARDIAL	9	1.0	1.0
55.31263	12.32805	-34.23398	LAX_LV_ENDOCARDIAL	9	1.0	1.0
52.67423	14.62739	-31.91476	LAX_LV_ENDOCARDIAL	9	1.0	1.0
49.89710	15.74158	-30.47845	LAX_LV_ENDOCARDIAL	9	1.0	1.0
47.25869	18.04092	-28.15922	LAX_LV_ENDOCARDIAL	9	1.0	1.0
44.48156	19.15511	-26.72291	LAX_LV_ENDOCARDIAL	9	1.0	1.0
41.56571	19.08414	-26.16951	LAX_LV_ENDOCARDIAL	9	1.0	1.0
38.78858	20.19833	-24.73320	LAX_LV_ENDOCARDIAL	9	1.0	1.0
36.15018	22.49767	-22.41398	LAX_LV_ENDOCARDIAL	9	1.0	1.0
33.23433	22.42670	-21.86058	LAX_LV_ENDOCARDIAL	9	1.0	1.0
30.45720	23.54088	-20.42427	LAX_LV_ENDOCARDIAL	9	1.0	1.0
27.54135	23.46992	-19.87087	LAX_LV_ENDOCARDIAL	9	1.0	1.0
24.62549	23.39895	-19.31747	LAX_LV_ENDOCARDIAL	9	1.0	1.0
21.70964	23.32798	-18.76407	LAX_LV_ENDOCARDIAL	9	1.0	1.0
18.65507	22.07186	-19.09358	LAX_LV_ENDOCARDIAL	9	1.0	1.0
15.60049	20.81574	-19.42310	LAX_LV_ENDOCARDIAL	9	1.0	1.0
-21.69766	-20.78647	-55.83008	LAX_RV_EPICARDIAL	11	1.0	1.0
-20.01147	-20.29516	-53.01366	LAX_RV_EPICARDIAL	11	1.0	1.0
-18.32529	-19.80385	-50.19724	LAX_RV_EPICARDIAL	11	1.0	1.0
27.06951	-12.36182	8.94761	LAX_RV_EPICARDIAL	11	1.0	1.0
29.79243	-13.63442	7.53940	LAX_RV_EPICARDIAL	11	1.0	1.0
32.64524	-14.45598	7.53940	LAX_RV_EPICARDIAL	11	1.0	1.0
35.36816	-15.72857	6.13119	LAX_RV_EPICARDIAL	11	1.0	1.0
38.09108	-17.00117	4.72298	LAX_RV_EPICARDIAL	11	1.0	1.0
40.68410	-18.72482	1.90656	LAX_RV_EPICARDIAL	11	1.0	1.0
43.40702	-19.99742	0.49835	LAX_RV_EPICARDIAL	11	1.0	1.0
44.57364	-21.31028	-2.31807	LAX_RV_EPICARDIAL	11	1.0	1.0
47.29656	-22.58288	-3.72628	LAX_RV_EPICARDIAL	11	1.0	1.0
47.03677	-23.48497	-6.54271	LAX_RV_EPICARDIAL	11	1.0	1.0
49.75969	-24.75756	-7.95092	LAX_RV_EPICARDIAL	11	1.0	1.0
50.92631	-26.07043	-10.76734	LAX_RV_EPICARDIAL	11	1.0	1.0
52.09293	-27.38329	-13.58376	LAX_RV_EPICARDIAL	11	1.0	1.0
53.25955	-28.69616	-16.40018	LAX_RV_EPICARDIAL	11	1.0	1.0
54.42617	-30.00902	-19.21660	LAX_RV_EPICARDIAL	11	1.0	1.0
55.59279	-31.32189	-22.03302	LAX_RV_EPICARDIAL	11	1.0	1.0
55.33301	-32.22397	-24.84944	LAX_RV_EPICARDIAL	11	1.0	1.0
57.92604	-33.94762	-27.66587	LAX_RV_EPICARDIAL	11	1.0	1.0
57.66625	-34.84970	-30.48229	LAX_RV_EPICARDIAL	11	1.0	1.0
57.40647	-35.75179	-33.29871	LAX_RV_EPICARDIAL	11	1.0	1.0
58.57309	-37.06465	-36.11513	LAX_RV_EPICARDIAL	11	1.0	1.0
58.31330	-37.96674	-38.93155	LAX_RV_EPICARDIAL	11	1.0	1.0
58.05352	-38.86883	-41.74797	LAX_RV_EPICARDIAL	11	1.0	1.0
57.79374	-39.77091	-44.56439	LAX_RV_EPICARDIAL	11	1.0	1.0
57.53395	-40.67300	-47.38081	LAX_RV_EPICARDIAL	11	1.0	1.0
57.27417	-41.57508	-50.19724	LAX_RV_EPICARDIAL	11	1.0	1.0
57.01438	-42.47717	-53.01366	LAX_RV_EPICARDIAL	11	1.0	1.0
56.75460	-43.37926	-55.83008	LAX_RV_EPICARDIAL	11	1.0	1.0
56.49482	-44.28134	-58.64650	LAX_RV_EPICARDIAL	11	1.0	1.0
56.23503	-45.18343	-61.46292	LAX_RV_EPICARDIAL	11	1.0	1.0
54.54884	-45.67474	-64.27934	LAX_RV_EPICARDIAL	11	1.0	1.0
52.86265	-46.16605	-67.09576	LAX_RV_EPICARDIAL	11	1.0	1.0
51.17646	-46.65736	-69.91218	LAX_RV_EPICARDIAL	11	1.0	1.0
48.06387	-46.73789	-72.72861	LAX_RV_EPICARDIAL	11	1.0	1.0
45.08117	-46.36737	-74.13682	LAX_RV_EPICARDIAL	11	1.0	1.0
42.09847	-45.99686	-75.54503	LAX_RV_EPICARDIAL	11	1.0	1.0
39.11577	-45.62635	-76.95324	LAX_RV_EPICARDIAL	11	1.0	1.0
36.13306	-45.25584	-78.36145	LAX_RV_EPICARDIAL	11	1.0	1.0
33.28026	-44.43428	-78.36145	LAX_RV_EPICARDIAL	11	1.0	1.0
30.42745	-43.61272	-78.36145	LAX_RV_EPICARDIAL	11	1.0	1.0
27.57464	-42.79117	-78.36145	LAX_RV_EPICARDIAL	11	1.0	1.0
24.85172	-41.51857	-76.95324	LAX_RV_EPICARDIAL	11	1.0	1.0
21.99891	-40.69701	-76.95324	LAX_RV_EPICARDIAL	11	1.0	1.0
19.27599	-39.42441	-75.54503	LAX_RV_EPICARDIAL	11	1.0	1.0
16.42318	-38.60286	-75.54503	LAX_RV_EPICARDIAL	11	1.0	1.0
13.70026	-37.33026	-74.13682	LAX_RV_EPICARDIAL	11	1.0	1.0
10.84745	-36.50870	-74.13682	LAX_RV_EPICARDIAL	11	1.0	1.0
8.12454	-35.23610	-72.72861	LAX_RV_EPICARDIAL	11	1.0	1.0
5.40162	-33.96350	-71.32040	LAX_RV_EPICARDIAL	11	1.0	1.0
2.54881	-33.14195	-71.32040	LAX_RV_EPICARDIAL	11	1.0	1.0
-0.17411	-31.86935	-69.91218	LAX_RV_EPICARDIAL	11	1.0	1.0
-3.02692	-31.04779	-69.91218	LAX_RV_EPICARDIAL	11	1.0	1.0
-5.74983	-29.77519	-68.50397	LAX_RV_EPICARDIAL	11	1.0	1.0
-8.60264	-28.95364	-68.50397	LAX_RV_EPICARDIAL	11	1.0	1.0
-11.19567	-27.23000	-65.68755	LAX_RV_EPICARDIAL	11	1.0	1.0
-13.91859	-25.95740	-64.27934	LAX_RV_EPICARDIAL	11	1.0	1.0
-16.64150	-24.68480	-62.87113	LAX_RV_EPICARDIAL	11	1.0	1.0
-19.36442	-23.41220	-61.46292	LAX_RV_EPICARDIAL	11	1.0	1.0
-20.53104	-22.09933	-58.64650	LAX_RV_EPICARDIAL	11	1.0	1.0
-19.88158	-19.84412	-51.60545	LAX_RV_FREEWALL	11	1.0	1.0
25.64311	-11.95104	8.94761	LAX_RV_FREEWALL	11	1.0	1.0
28.36603	-13.22364	7.53940	LAX_RV_FREEWALL	11	1.0	1.0
31.08894	-14.49624	6.13119	LAX_RV_FREEWALL	11	1.0	1.0
33.68197	-16.21988	3.31477	LAX_RV_FREEWALL	11	1.0	1.0
36.40489	-17.49248	1.90656	LAX_RV_FREEWALL	11	1.0	1.0
38.99791	-19.21612	-0.90986	LAX_RV_FREEWALL	11	1.0	1.0
41.72083	-20.48872	-2.31807	LAX_RV_FREEWALL	11	1.0	1.0
42.88745	-21.80159	-5.13449	LAX_RV_FREEWALL	11	1.0	1.0
45.48048	-23.52523	-7.95092	LAX_RV_FREEWALL	11	1.0	1.0
46.64710	-24.83810	-10.76734	LAX_RV_FREEWALL	11	1.0	1.0
47.81372	-26.15096	-13.58376	LAX_RV_FREEWALL	11	1.0	1.0
48.98034	-27.46382	-16.40018	LAX_RV_FREEWALL	11	1.0	1.0
50.14696	-28.77669	-19.21660	LAX_RV_FREEWALL	11	1.0	1.0
51.31358	-30.08955	-22.03302	LAX_RV_FREEWALL	11	1.0	1.0
51.05380	-30.99164	-24.84944	LAX_RV_FREEWALL	11	1.0	1.0
52.22042	-32.30450	-27.66587	LAX_RV_FREEWALL	11	1.0	1.0
53.38704	-33.61737	-30.48229	LAX_RV_FREEWALL	11	1.0	1.0
53.12725	-34.51945	-33.29871	LAX_RV_FREEWALL	11	1.0	1.0
52.86747	-35.42154	-36.11513	LAX_RV_FREEWALL	11	1.0	1.0
54.03409	-36.73441	-38.93155	LAX_RV_FREEWALL	11	1.0	1.0
53.77431	-37.63649	-41.74797	LAX_RV_FREEWALL	11	1.0	1.0
53.51452	-38.53858	-44.56439	LAX_RV_FREEWALL	11	1.0	1.0
53.25474	-39.44066	-47.38081	LAX_RV_FREEWALL	11	1.0	1.0
52.99495	-40.34275	-50.19724	LAX_RV_FREEWALL	11	1.0	1.0
52.73517	-41.24484	-53.01366	LAX_RV_FREEWALL	11	1.0	1.0
52.47539	-42.14692	-55.83008	LAX_RV_FREEWALL	11	1.0	1.0
50.78920	-42.63823	-58.64650	LAX_RV_FREEWALL	11	1.0	1.0
50.52941	-43.54032	-61.46292	LAX_RV_FREEWALL	11	1.0	1.0
50.26963	-44.44241	-64.27934	LAX_RV_FREEWALL	11	1.0	1.0
47.15703	-44.52294	-67.09576	LAX_RV_FREEWALL	11	1.0	1.0
45.47085	-45.01424	-69.91218	LAX_RV_FREEWALL	11	1.0	1.0
42.48814	-44.64373	-71.32040	LAX_RV_FREEWALL	11	1.0	1.0
39.63533	-43.82218	-71.32040	LAX_RV_FREEWALL	11	1.0	1.0
36.78252	-43.00062	-71.32040	LAX_RV_FREEWALL	11	1.0	1.0
33.79982	-42.63011	-72.72861	LAX_RV_FREEWALL	11	1.0	1.0
30.94701	-41.80855	-72.72861	LAX_RV_FREEWALL	11	1.0	1.0
28.09420	-40.98700	-72.72861	LAX_RV_FREEWALL	11	1.0	1.0
25.37129	-39.71440	-71.32040	LAX_RV_FREEWALL	11	1.0	1.0
22.51848	-38.89284	-71.32040	LAX_RV_FREEWALL	11	1.0	1.0
19.79556	-37.62024	-69.91218	LAX_RV_FREEWALL	11	1.0	1.0
16.94275	-36.79869	-69.91218	LAX_RV_FREEWALL	11	1.0	1.0
14.21983	-35.52609	-68.50397	LAX_RV_FREEWALL	11	1.0	1.0
11.36702	-34.70453	-68.50397	LAX_RV_FREEWALL	11	1.0	1.0
8.64411	-33.43193	-67.09576	LAX_RV_FREEWALL	11	1.0	1.0
5.92119	-32.15933	-65.68755	LAX_RV_FREEWALL	11	1.0	1.0
3.06838	-31.33778	-65.68755	LAX_RV_FREEWALL	11	1.0	1.0
0.34546	-30.06518	-64.27934	LAX_RV_FREEWALL	11	1.0	1.0
-2.50735	-29.24362	-64.27934	LAX_RV_FREEWALL	11	1.0	1.0
-5.23027	-27.97102	-62.87113	LAX_RV_FREEWALL	11	1.0	1.0
-7.95318	-26.69842	-61.46292	LAX_RV_FREEWALL	11	1.0	1.0
-10.80599	-25.87687	-61.46292	LAX_RV_FREEWALL	11	1.0	1.0
-13.52891	-24.60427	-60.05471	LAX_RV_FREEWALL	11	1.0	1.0
-16.25183	-23.33167	-58.64650	LAX_RV_FREEWALL	11	1.0	1.0
-18.84485	-21.60803	-55.83008	LAX_RV_FREEWALL	11	1.0	1.0
-20.01147	-20.29516	-53.01366	LAX_RV_FREEWALL	11	1.0	1.0
49.67591	-16.35443	-22.51874	RV_INSERT	17	1.0	1.0
32.15707	-12.45008	-59.82916	RV_INSERT	17	1.0	1.0
-0.15658	-2.02153	-33.70816	MITRAL_VALVE	9	1.0	1.0
15.46177	19.63059	-20.30601	MITRAL_VALVE	9	1.0	1.0
2.06566	-7.87633	-38.67612	TRICUSPID_VALVE	9	1.0	1.0
-18.96822	-26.11493	-48.32273	TRICUSPID_VALVE	9	1.0	1.0
66.14637	-19.31626	-60.83963	APEX_POINT	9	1.0	1.0
6.74058	7.88622	-19.47634	MITRAL_VALVE	5	1.0	1.0
13.24743	21.68084	-26.01780	MITRAL_VALVE	5	1.0	1.0
4.29782	-12.09186	-13.51120	AORTA_VALVE	5	1.0	1.0
-3.86236	3.16712	-13.02830	AORTA_VALVE	5	1.0	1.0
27.53107	-15.82377	11.96953	PULMONARY_VALVE	3	1.0	1.0
24.88104	-11.64502	-9.06924	PULMONARY_VALVE	3	1.0	1.0
