         x           y          z  Frame
 28.674225  -61.271379 -32.194633      1
-13.805328  -16.261394  -8.706568      1
 -9.517337  -12.781537 -12.192471      1
  5.700538   -6.414671  -9.476260      1
 11.495569   -6.200546  -2.347161      1
-12.608907  -23.525454  13.958407      1
 30.137957  -15.718289  11.383027      1
 25.759239  -11.229165  -1.836925      1
 20.104550  -37.288984 -29.685544      1
 39.971526  -68.268653 -12.783253      1
 23.784531  -78.981444 -26.319245      1
 43.250286  -54.974337   8.973301      1
 44.461834  -52.563045 -20.676167      1
 39.627637  -31.485812 -10.225914      1
 21.018441  -63.295843 -33.103207      1
  8.188427  -45.717076 -26.822251      1
 15.637122   -7.777387 -14.231312      1
 24.845607  -80.892696 -18.253908      1
 40.193642  -55.564729 -28.096719      1
 29.085535  -31.025916 -19.802000      1
 -4.104547  -21.226184  18.441965      1
-17.302387  -22.813988   4.406865      1
-12.788229  -26.736009  17.557937      1
 -0.062329  -30.236454  27.579354      1
-23.337859  -28.433023  19.462560      1
-12.335746  -25.533306  27.476274      1
 -2.323748  -29.158498  33.174135      1
 -3.907817  -43.873153  34.143872      1
-20.898905  -40.012153  21.651938      1
-23.687278  -43.285582  11.481081      1
 -3.904116  -48.267347  22.485656      1
-18.735825  -53.889828  16.544833      1
  7.999456  -14.430706  16.392442      1
 25.764911  -31.714401  20.597968      1
-16.056341  -53.181036  25.632705      1
 33.392164  -20.282255  -7.342760      1
 -0.049658  -36.105551 -24.876653      1
 24.827413  -19.310037 -16.008181      1
 37.046963  -42.433445  19.526614      1
 24.505881  -47.865136 -31.159273      1
 44.069687  -65.688301   0.402364      1
 41.975230  -45.419159 -16.157530      1
 16.173310  -55.427010 -30.185041      1
 37.389757  -44.484579 -24.133444      1
-11.386538  -26.689916 -25.395037      1
-20.009437  -28.098737   2.264392      1
-17.745015  -26.294605 -18.811853      1
 17.778155  -49.199307  20.889740      1
  4.692186  -46.621105  17.411520      1
 -1.858849   -8.951414 -12.751294      1
 46.131840  -60.741075 -18.148841      1
 43.942802  -39.984773   0.343594      1
 13.493484   -9.041377   8.278948      1
 24.342336  -74.360174 -30.603430      1
 30.258833  -69.650222 -33.257054      1
 40.222845  -29.660693   4.050539      1
 46.750370  -50.756623  -8.281688      1
 27.493708  -75.122901 -10.978932      1
 24.137079  -68.370683  11.282494      1
 23.170983  -60.905025  21.865274      1
 29.188418  -75.594618   2.536687      1
  3.242432  -17.873912  18.577502      1
 10.896499  -33.751210  19.864991      1
-17.447885  -19.681342  -3.427459      1
-20.985504  -22.274503  -7.977261      1
 15.990282  -24.828160 -25.504434      1
  6.427073  -10.515300 -21.590382      1
 37.676310  -72.981751 -29.057593      1
 32.474340  -81.056853 -23.892589      1
 40.435855  -68.182317 -27.593429      1
-10.334145  -35.887112 -19.843582      1
-17.566254  -37.519405  -4.531659      1
-15.702066  -34.472279 -14.989983      1
-20.665991  -35.083025 -10.063538      1
-15.522157  -46.795391   1.759720      1
 -4.019630  -47.621603  13.796048      1
-10.476118  -48.795398   8.811810      1
  9.292645  -55.814042  15.285837      1
  2.592967  -47.254745  12.805743      1
 -3.617877  -48.898875   5.438415      1
  3.272097  -52.550824   2.689216      1
 -8.970124  -45.873426  -4.447245      1
 -3.430318  -50.984027  -6.003505      1
-11.007191  -41.709721 -10.186090      1
 -6.548781  -44.721778 -13.359725      1
 19.557665  -70.649359 -18.947122      1
 15.920936  -63.023982 -28.744276      1
 21.415706  -71.943457 -16.402620      1
 20.577021  -66.072558 -23.546879      1
 21.168810  -73.919622 -10.276758      1
 10.804316  -57.622015 -25.221235      1
 19.447648  -73.237064  -4.833759      1
 15.298668  -69.699804 -10.286781      1
 13.278172  -65.551867 -16.048424      1
 12.415927  -61.677732 -20.752936      1
  4.153865  -50.213960 -22.895567      1
  8.481142  -60.218112 -12.277528      1
 11.209745  -64.168908  -5.900857      1
 14.465229  -67.941873   4.833416      1
  4.745430  -56.810153 -18.346014      1
 12.786665  -61.545200  11.550976      1
  7.417025  -58.895619   0.037718      1
  2.564369  -55.709886  -9.996700      1
 -0.559762  -50.893626 -15.441937      1
 -2.642022  -42.739303 -20.376347      1
  6.231267  -86.484493  -8.905912      1
-35.450534  -55.923302  15.896038      1
-63.919727  -52.667654 -15.612349      1
-38.086014  -32.981851 -16.793104      1
-64.297794  -65.670993 -29.454139      1
  1.673976  -82.854580  10.238768      1
-18.116842  -87.750002 -46.020495      1
-30.395579  -30.683624 -19.839137      1
-17.263752  -89.363232   4.862903      1
-28.919512  -36.579134  -3.068032      1
-15.239578  -70.823563  48.401260      1
  0.034700  -67.898168  47.084157      1
 -5.827116  -59.261597  42.653313      1
-29.525538  -45.442091  10.305801      1
-32.498999  -85.000853  30.932662      1
 -4.558068  -83.706820  34.042204      1
-57.714004  -64.858379   6.939201      1
  2.604423  -89.960172 -18.014142      1
-45.181749  -61.382185  14.799305      1
-17.697012  -64.080731  47.381198      1
-13.997926  -57.353868  43.686885      1
-36.005788  -78.109949  19.959089      1
-29.692609  -77.825203  23.509426      1
-17.731782  -70.104326  47.391296      1
 -7.234756  -75.374039  49.961622      1
 -2.418545  -58.985753  42.915908      1
-55.010208  -74.046103 -42.634152      1
 -0.177688  -86.594353  23.579446      1
-21.569719  -86.692808  15.598954      1
-48.647849 -102.455537  -4.872530      1
  4.541141  -86.404474   1.209208      1
 -8.430405  -87.445766  -7.707019      1
-40.724024  -79.866488 -40.338211      1
 -9.123566  -91.433004 -23.879560      1
-21.668282  -95.658179 -21.451705      1
-27.867289  -80.031588 -47.522265      1
-26.086486  -38.470489  -0.941832      1
 -4.448653  -54.313231 -26.081570      1
  2.803399  -60.526199 -35.900414      1
-13.377025  -42.095894 -26.130053      1
-24.306805  -32.481817 -26.834999      1
  9.318111  -71.637397 -40.466151      1
-35.683158 -104.378333 -14.146069      1
-26.952062  -51.845154  12.123729      1
-21.625407  -65.944112  18.602366      1
 17.348429  -81.263053 -10.530418      1
-77.810460  -89.349804 -20.208246      1
  9.647093  -77.290372  10.759773      1
-65.507927  -61.236715  -3.027322      1
 15.265909  -87.166313 -28.219243      1
 16.335858  -85.202677 -16.895506      1
-65.971194  -96.131189 -23.421535      1
 12.283751  -71.469273  22.137777      1
-30.624917  -92.722211 -37.094506      1
 16.927686  -81.368739   1.882691      1
-15.903006  -93.115265 -38.924850      1
-11.439424  -67.884060  23.349307      1
-50.468588  -98.239710 -32.712957      1
 16.904362  -81.080084 -37.679091      1
  1.006050  -56.031656  25.166263      1
 10.858173  -67.028442  31.427012      1
-32.539456  -32.616589 -10.930642      1
-29.665740  -32.748931 -10.975681      1
-24.832105  -43.508932 -17.266236      1
-24.838452  -46.902212  -6.105937      1
-22.967609  -47.049890 -22.387047      1
-27.188950  -41.938961 -11.755274      1
-20.769090  -54.669720   3.532643      1
-16.754648  -63.111888  11.227551      1
-12.831753  -61.508952  23.431088      1
 -5.139103  -61.416163  19.343686      1
  1.765498  -64.123063  16.538603      1
-10.270939  -57.448104   6.257792      1
 -4.421181  -61.290180   4.244766      1
-16.354239  -54.663457  -3.218702      1
-13.171067  -58.928591  -7.855686      1
-20.766676  -51.829044 -10.205452      1
-17.685319  -54.770883 -15.352424      1
 10.244316  -68.694515 -30.541912      1
 13.833006  -79.000239 -10.638515      1
 12.287375  -75.429782 -21.613903      1
 12.937384  -79.337756 -16.530482      1
 11.188456  -73.404353 -27.851779      1
  1.888643  -65.343521 -30.087929      1
 11.928708  -77.429225  -5.377952      1
  1.998613  -71.041769 -25.036640      1
  4.920806  -73.600303 -18.552349      1
  8.684909  -74.686479 -11.623175      1
 -8.013210  -60.395812 -28.813322      1
 -0.964237  -69.298625 -14.658020      1
  3.157472  -71.605293  -5.793028      1
  8.619864  -75.402073   5.002004      1
 -1.850352  -64.090999 -21.412902      1
  4.833996  -69.539171  12.548979      1
 -0.847442  -67.668402   0.172848      1
 -6.860405  -64.593772 -10.214307      1
-11.502984  -61.514373 -17.871800      1
-14.313239  -52.450715 -23.849248      1
-26.333460  -77.538927  32.006913      1
-11.096327  -81.432821  39.585416      1
  5.311829  -69.832003  38.442940      1
 -6.361218  -66.444678  30.104978      1
-24.332719  -83.151662  37.982248      1
  1.633871  -61.911579  31.922386      1
-25.510237  -97.453962  -3.108516      1
-16.027796  -92.911274 -12.521678      1
-36.310372  -92.861657   7.100636      1
 -6.403383  -90.787991 -18.585125      1
-40.395259  -92.301153  18.644354      1
-59.820664  -96.009354   7.520537      1
-76.715760  -79.044504  -4.254305      1
-67.646299  -59.199472 -21.332898      1
-43.280361  -48.140544 -30.086525      1
-19.072200  -63.788948 -33.272230      1
-31.350983  -56.419835 -27.940393      1
-12.072484  -70.644988 -39.976559      1
-53.758641  -39.606494 -21.235373      1
 -4.017747  -80.649883 -45.272689      1
 -0.259036  -91.809322 -41.177287      1
  4.554480  -95.636982 -29.456374      1
-51.293853  -43.437789 -24.908048      1
-56.528286  -86.404576  13.032230      1
 -3.050776  -89.417557 -11.704778      1
-14.444105  -76.753506  26.607296      1
 21.124668  -33.311139 -36.020668      1
 49.356206  -53.332222  16.580950      1
 48.017604  -22.668503  -9.355320      1
  8.572910  -38.744579 -37.417161      1
 34.969298  -20.996083 -26.669010      1
 42.659501  -14.767065  -7.395706      1
 -0.386066  -27.802434 -35.138026      1
 29.749139   -8.641490 -23.123765      1
 43.574330  -41.194994  27.716066      1
 26.402356  -43.929277 -38.355131      1
 51.155370  -62.204009   3.786527      1
 47.316590  -37.070124 -15.097200      1
 14.806330  -49.189479 -38.011196      1
 42.364027  -36.587905 -27.313532      1
 53.103759  -35.829447   4.227941      1
 49.460466  -24.659179   9.247447      1
 53.123287  -50.440353  -3.311828      1
 16.078503  -15.514623 -30.995847      1
 28.478848  -56.221836 -37.735813      1
 48.709404  -70.985824 -12.354170      1
 50.284169  -48.369020 -21.069879      1
 20.941235  -60.227598 -38.592953      1
 45.309766  -53.383338 -30.946424      1
 53.907734  -58.976844 -17.732226      1
 27.013802  -76.191585 -36.547468      1
 34.687000  -73.157455 -36.340053      1
 43.794934  -76.984455 -26.915252      1
 36.822708  -83.813019 -28.716103      1
 46.240710  -69.902222 -31.836575      1
 33.066224  -76.909891  -7.236343      1
 32.910163  -68.582905  18.113831      1
 29.542413  -58.972462  29.311468      1
 37.572949  -76.687380   8.198379      1
  7.030812  -88.213568  -8.224757      1
  2.914084  -85.942701  12.024416      1
-19.344922  -86.953466 -49.023744      1
-18.484672  -93.560387   5.952767      1
  2.644840  -91.399218 -17.996812      1
-59.020820  -73.085400 -48.959522      1
 -0.073326  -87.175691  25.468652      1
-24.111280  -89.126878  16.629675      1
-52.397646 -109.816602  -3.967200      1
  5.335164  -87.602387   3.260203      1
-10.243087  -90.735372  -6.429132      1
-43.880326  -78.433748 -45.711675      1
-11.403221  -95.565063 -24.416812      1
-24.249216 -101.130538 -20.740334      1
-30.922491  -79.753928 -52.149796      1
 -6.210796  -52.277695 -29.163764      1
  0.476246  -59.694642 -39.094540      1
-14.514465  -41.575503 -26.201077      1
  7.238935  -70.902274 -45.566368      1
-37.625236 -110.536985 -15.367184      1
  9.938043  -78.781636  12.591506      1
-71.203818  -99.502305 -25.918597      1
 13.460971  -73.681207  23.506517      1
-34.689366  -96.814356 -39.641076      1
 16.630983  -83.170027   3.579919      1
-18.723795  -96.347818 -41.389256      1
-55.100010 -102.610548 -35.020240      1
 16.219750  -91.085163 -29.992255      1
 17.114699  -85.734715 -41.553458      1
-35.993358  -54.669994  17.404166      1
-12.736813  -20.865083  19.755255      1
 -2.842845  -18.170067  23.755886      1
-20.588861  -21.713599   6.718087      1
-29.064682  -34.324321  -1.733423      1
-12.776775  -23.498759  20.298481      1
  0.934958  -29.246909  31.707308      1
 -6.119141  -57.120617  42.004516      1
-29.412808  -44.649467  12.193675      1
-25.930951  -24.148027  17.181568      1
-12.619644  -21.664832  26.619455      1
  0.059458  -28.464003  35.359914      1
 -2.661869  -46.618266  35.478471      1
-22.906757  -42.907451  22.198318      1
-25.269451  -42.858940  12.878353      1
 -2.874930  -48.657225  24.413557      1
-17.907083  -56.700115  20.530892      1
-45.517211  -60.035727  16.776086      1
-19.359264  -63.241307  47.109032      1
-14.211839  -55.458256  43.874135      1
-37.656997  -77.061293  21.445610      1
 -0.123328  -58.401602  40.827937      1
-18.627842  -57.307061  26.987335      1
-23.000077  -27.991941   5.898588      1
-26.231558  -35.047953  -0.209310      1
-27.006014  -49.172228  13.499350      1
-20.762204  -63.232465  21.323709      1
  6.888080  -44.735855  24.164562      1
-11.482789  -66.786737  24.735581      1
  2.578385  -55.044951  27.374574      1
  4.321447  -18.648750  24.501120      1
 10.442840  -31.528500  26.043232      1
-22.288296  -18.333896  -1.729387      1
-32.172368  -29.197887 -10.966513      1
-27.327976  -22.077399  -8.168606      1
-30.514150  -29.177597 -11.455124      1
-38.379115  -29.968743 -17.184992      1
-19.746365  -11.878167 -10.890684      1
-31.204819  -27.984508 -21.408237      1
-23.717520  -19.495273 -22.785360      1
  2.291571  -68.351970  46.108972      1
 12.565298  -13.432062  23.283262      1
 33.247264  -27.921857  30.102150      1
 21.049522  -48.878632  31.102925      1
 13.861670  -66.118825  33.634616      1
-12.041518   -7.816557 -16.380310      1
  8.672518   -1.231279 -10.388033      1
 13.474268    0.465378  -2.242603      1
 38.177853  -12.191592  13.917577      1
 30.018751   -1.408314  -1.478901      1
 18.115626   -0.242927 -18.448347      1
-13.533517  -17.422245 -32.336824      1
 -2.367478   -2.749538 -17.407407      1
 18.947421   -1.718663  11.522323      1
  7.801140   -2.851119 -27.853542      1
-67.691491  -52.145880 -17.939712      1
-67.935433  -64.954280 -34.293558      1
-58.890456  -86.567519  15.140033      1
-58.982223  -64.280745   9.276910      1
-26.133045  -30.141346 -28.615234      1
-83.969859  -92.884421 -21.610835      1
-68.500269  -60.556980  -1.111919      1
-15.522690  -72.496395  49.292377      1
 -6.865082  -83.626731  35.273603      1
-32.313259  -80.007979  24.382753      1
-19.510702  -70.423173  47.648674      1
 -7.158651  -76.728999  51.088310      1
-27.957899  -75.974329  32.689501      1
 -7.525292  -65.268192  29.417385      1
-15.051802  -74.225494  26.760633      1
  1.989982  -59.445881  32.323017      1
-11.650838  -84.238204  41.852642      1
  8.139792  -69.391643  39.526363      1
-25.789102  -84.184076  39.021658      1
-35.034790  -86.942104  31.173499      1
-71.898516  -58.627239 -23.191073      1
-79.550283  -79.010802  -2.873555      1
-64.237953 -102.739287   8.544486      1
-42.557924  -97.498552  20.176139      1
-37.582596  -97.047160   7.711761      1
-27.341477 -102.069125  -2.577949      1
-17.101555  -96.366319 -12.287284      1
 17.673703  -87.279857 -16.891294      1
 -8.238742  -94.223960 -18.458237      1
 31.886075  -84.173543 -18.850192      1
 27.036416  -87.153038 -24.825973      1
 17.715375  -81.228213  -6.881627      1
-33.222342  -52.626611 -35.548219      1
-46.426002  -45.220482 -35.834310      1
-21.565189  -61.280120 -39.436356      1
-14.075519  -68.497649 -44.546884      1
 -4.520228  -80.769381 -47.944293      1
  2.914102  -98.328856 -29.597118      1
 -2.232558  -95.388291 -43.029859      1
-55.336512  -37.579140 -23.400123      1
-53.063054  -40.797426 -28.429704      1
 -4.706572  -91.735623 -11.666387      1