         x           y          z  Frame
 32.655671  -57.591104 -35.531479      1
-23.240487  -23.287256  -4.845473      1
-19.537226  -19.721305  -6.878943      1
 -4.920048   -7.700518 -11.019492      1
  7.986850   -4.474156   1.146885      1
-22.723176  -30.990980  20.575375      1
 29.542757   -9.975818  16.623163      1
 24.511360    1.677120   2.755856      1
 21.317935  -32.908248 -31.049430      1
 41.408480  -69.078848 -13.306414      1
 23.846533  -78.799328 -28.857632      1
 45.252322  -54.880286  10.499607      1
 46.292168  -50.641744 -22.126868      1
 43.621184  -27.159828 -11.634916      1
 19.804099  -62.601717 -34.901464      1
  8.134667  -43.833585 -31.552156      1
 11.588701    3.326994 -16.515039      1
 25.992884  -79.452469 -21.374716      1
 41.755196  -53.876533 -30.599195      1
 33.558941  -26.412445 -22.888087      1
-13.868723  -24.911158  17.126282      1
-32.160579  -33.328333   3.874958      1
-21.256220  -31.592614  22.937348      1
 -4.882922  -30.025122  28.896286      1
-28.098731  -30.361283  21.518452      1
-16.682193  -26.761863  31.911181      1
 -5.429501  -27.203539  36.292850      1
 -5.000610  -42.037621  35.386693      1
-23.850249  -39.191744  25.398226      1
-29.682526  -44.825297  10.953022      1
 -7.175211  -47.711834  23.492132      1
-22.371908  -50.992081  16.615681      1
 -3.503672  -16.788198  13.363914      1
 22.683640  -32.345708  28.036763      1
-18.337944  -51.006999  26.073289      1
 38.574370  -13.321846  -5.655218      1
 -3.964158  -34.816920 -28.873137      1
 25.457593  -12.943075 -19.568758      1
 40.258875  -43.092615  22.966944      1
 26.349686  -45.848908 -33.159485      1
 45.083536  -63.942578  -0.675857      1
 45.242930  -41.096260 -16.409498      1
 15.501825  -52.482001 -34.570497      1
 36.781293  -41.444757 -26.202472      1
-17.108938  -29.161143 -25.941798      1
-30.718323  -36.898182   2.654918      1
-24.238416  -31.070844 -18.574616      1
 16.626936  -49.343048  24.977633      1
  0.773038  -48.192843  22.557369      1
-11.999004  -15.165574  -7.434637      1
 47.559234  -59.731491 -17.927094      1
 47.027696  -37.792335   0.548136      1
  1.015353  -13.406840  13.346992      1
 23.793962  -73.759878 -32.142654      1
 34.728646  -69.643518 -37.022843      1
 43.124482  -25.514333   8.728226      1
 48.177378  -49.762382  -8.755436      1
 29.373604  -76.314981 -12.928629      1
 26.900016  -70.517146  11.667665      1
 22.694409  -61.763223  23.789085      1
 31.288501  -75.694535  -0.022211      1
 -7.627626  -22.184329  17.717042      1
  5.185138  -34.091740  22.188521      1
-29.127735  -28.281840  -2.102859      1
-30.476064  -30.543861  -6.861987      1
 14.082763  -19.805008 -28.671824      1
  0.216377   -8.493452 -24.156196      1
 36.354325  -75.526643 -25.150381      1
 34.671384  -79.985817 -29.044836      1
 43.735753  -66.722929 -29.764692      1
-12.977799  -36.140743 -19.002129      1
-24.078315  -41.866993  -6.125727      1
-20.617939  -37.316679 -15.042051      1
-26.442163  -39.256237 -10.319602      1
-20.219569  -48.568886   0.663572      1
 -7.287041  -48.847253  14.943570      1
-13.368276  -50.312738   7.856419      1
  7.765259  -57.776067  16.168262      1
 -0.048264  -49.932892  13.259440      1
 -5.768524  -51.335822   4.601957      1
  1.486872  -54.775071   2.125042      1
-11.381829  -46.991212  -4.426167      1
 -4.626472  -52.132557  -6.778712      1
-15.286940  -43.529909 -10.438997      1
 -7.626260  -44.686118 -13.492428      1
 18.636495  -71.918151 -23.266214      1
 15.369363  -62.180230 -31.723257      1
 20.497688  -74.542839 -18.790752      1
 19.159885  -65.990443 -27.860165      1
 22.377307  -75.337759 -12.945011      1
 11.238327  -56.272829 -29.119859      1
 20.620208  -74.835794  -6.782310      1
 15.304746  -70.874425 -13.450778      1
 12.874367  -67.001985 -19.080979      1
 12.010877  -61.802963 -23.944706      1
  3.186894  -49.473482 -25.778495      1
  7.059850  -62.287406 -15.466760      1
 10.224270  -67.168307  -8.089259      1
 16.231952  -70.784245   2.925398      1
  4.612037  -56.775028 -20.637583      1
 11.792564  -64.064240  10.739198      1
  5.644813  -61.400239  -1.890484      1
  1.177737  -57.575731 -11.655797      1
 -1.281039  -51.054500 -17.076957      1
 -3.701137  -41.720892 -22.347598      1
  8.110488  -87.095487 -14.602764      1
-38.144207  -53.275284  10.846094      1
-60.488332  -48.660879 -11.315968      1
-41.215330  -37.952683 -15.350166      1
-68.135733  -63.508584 -32.112286      1
 -0.337878  -85.940705   4.319457      1
-17.613567  -87.914521 -49.982204      1
-35.209708  -35.263301 -19.969126      1
-16.937373  -94.300143  -1.819048      1
-35.699880  -43.055934  -3.357885      1
-16.325848  -75.834341  44.195412      1
  3.437870  -68.032353  40.199517      1
 -5.834618  -57.452464  35.460873      1
-36.127757  -47.475274   6.626000      1
-39.209009  -83.042232  29.863520      1
-10.857554  -78.032069  24.360577      1
-59.111807  -61.064389   5.472659      1
  5.295125  -91.338103 -24.105276      1
-45.506152  -57.266313  10.748057      1
-19.289130  -64.626645  42.372466      1
-14.857824  -57.274278  38.621331      1
-40.058005  -73.091523  17.971316      1
-30.889127  -85.492668  19.343909      1
-20.952108  -71.842930  42.648139      1
 -5.752574  -76.844674  44.256253      1
  0.501697  -57.931423  36.170611      1
-58.381964  -74.591770 -46.065308      1
 -2.464348  -84.053796  17.162246      1
-24.015399  -91.799778   9.797706      1
-50.686074 -107.475654 -11.855844      1
  5.960834  -87.575425  -5.250267      1
 -6.925947  -94.175453 -12.103803      1
-42.070890  -81.577290 -48.021154      1
 -7.625872  -95.181188 -32.206592      1
-21.797129  -99.588080 -27.754069      1
-26.987021  -83.872891 -49.328911      1
-33.265829  -43.852461  -1.589339      1
 -6.474382  -51.416263 -36.198981      1
  3.230411  -58.340662 -40.735707      1
-16.958389  -40.335005 -34.303663      1
-29.510653  -34.306619 -30.072839      1
  8.684100  -71.526147 -39.991747      1
-37.420635 -105.783892 -21.434125      1
-31.581112  -50.528546  10.127655      1
-25.323720  -59.697844  18.026989      1
 18.836167  -81.196047 -15.255275      1
-89.143448  -93.764870 -21.045244      1
 14.016250  -80.285080   7.894900      1
-70.290984  -56.495588   0.194503      1
 15.597951  -85.269958 -32.579829      1
 16.879201  -83.037099 -21.573303      1
-71.848713 -101.223381 -34.269959      1
 10.350161  -72.518652  20.040479      1
-31.377752  -96.521494 -43.030863      1
 18.948361  -81.136532  -3.065093      1
-15.301484  -96.214500 -45.555025      1
-15.314008  -61.354057  23.153302      1
-51.890565 -100.548759 -41.225184      1
 15.702866  -81.373040 -38.206058      1
 -1.569193  -55.026408  26.473748      1
  9.541227  -64.549371  30.566589      1
-37.260096  -38.112995 -10.622344      1
-35.002660  -38.274540 -10.778092      1
-26.967485  -44.139298 -18.086961      1
-28.522503  -47.847243  -7.267077      1
-23.506729  -45.830835 -24.925407      1
-30.907776  -44.446467 -12.824744      1
-23.831766  -54.370899   1.429699      1
-19.174034  -60.975594   9.622923      1
-13.684740  -61.241277  17.260772      1
 -6.860543  -62.189214  17.153867      1
  0.901040  -66.368181  16.429689      1
-11.679269  -58.674282   4.884719      1
 -5.349805  -62.880821   2.016703      1
-18.240312  -54.871705  -4.914518      1
-13.514236  -59.585577  -9.277559      1
-22.886255  -51.337283 -11.453975      1
-16.847384  -54.738470 -15.970788      1
  9.836176  -68.010672 -34.191727      1
 13.791460  -79.921294 -15.236542      1
 11.044069  -76.726755 -26.622314      1
 12.515758  -80.204499 -20.825971      1
 11.756665  -72.577308 -31.523699      1
  3.155007  -63.256543 -33.619294      1
 11.845619  -78.779755  -9.731101      1
  3.951213  -69.701126 -28.517385      1
  4.761166  -74.303436 -22.842426      1
  7.997726  -76.364851 -16.006007      1
 -5.697897  -57.585784 -30.835327      1
 -1.412543  -70.497202 -18.010914      1
  2.822826  -72.683373  -9.700526      1
  8.864155  -78.019944   1.331529      1
 -1.508306  -64.289772 -24.335803      1
  4.891765  -72.420207  10.881375      1
 -1.464332  -68.990201  -2.899249      1
 -7.619690  -65.493082 -12.652533      1
 -9.832598  -59.917971 -20.084019      1
-14.185591  -50.525717 -27.255635      1
-31.782134  -74.941421  30.449841      1
-12.628473  -78.321941  33.787413      1
  5.371129  -66.772171  34.372729      1
 -9.066038  -60.923438  29.696072      1
-29.136996  -85.898140  33.661535      1
  0.043463  -59.643003  31.051107      1
-26.576502 -101.190648  -9.649587      1
-15.543700  -97.913124 -19.127581      1
-37.165414 -100.782440   1.145313      1
 -4.842161  -94.110843 -23.992184      1
-45.381814  -97.292778  14.208925      1
-64.830244  -98.432757   2.408856      1
-87.805854  -76.100251  -5.955393      1
-67.797926  -55.059577 -19.330847      1
-47.932908  -47.597620 -35.305646      1
-20.883330  -64.198944 -42.313706      1
-35.265431  -55.581620 -40.055029      1
-12.467212  -70.779893 -46.769466      1
-53.844655  -41.830191 -15.806565      1
 -3.318476  -80.281058 -47.923625      1
  1.064925  -91.821510 -43.992406      1
  5.460530  -92.173641 -34.946728      1
-52.993612  -44.233561 -24.350399      1
-62.744117  -85.715714  10.414627      1
 -1.524078  -92.106504 -17.428017      1
-20.943843  -66.121780  29.312701      1
 19.838997  -26.034483 -36.755147      1
 52.935107  -53.324661  16.760968      1
 49.947684  -18.557538 -10.027453      1
  7.655498  -36.285233 -37.617192      1
 38.386596  -16.714026 -30.057719      1
 44.380947   -7.049048  -3.753869      1
 -3.941467  -26.830459 -37.028629      1
 29.002196   -0.746280 -21.730686      1
 47.213249  -40.717408  30.780641      1
 25.531442  -39.090408 -39.320731      1
 53.408938  -62.491302   3.381824      1
 51.724589  -33.702335 -13.956859      1
 14.623779  -46.723172 -40.353354      1
 41.553156  -32.849475 -30.098336      1
 55.212541  -33.713196   5.227505      1
 50.357700  -18.444075  13.336891      1
 56.097698  -46.806272  -4.049920      1
 15.069840  -13.320453 -36.425291      1
 32.697152  -53.364722 -41.228356      1
 49.537297  -70.924328 -11.846778      1
 52.384069  -45.988400 -20.455249      1
 18.316220  -59.335076 -35.579650      1
 45.739983  -49.028243 -34.334455      1
 55.810526  -58.223429 -17.788269      1
 26.981935  -75.577789 -35.591111      1
 39.442086  -72.143350 -39.669663      1
 45.034675  -78.148679 -26.285491      1
 38.798280  -82.720519 -32.183673      1
 50.427182  -67.346651 -32.976558      1
 36.260023  -79.566880  -9.749994      1
 35.184211  -70.848549  18.805111      1
 31.426373  -61.460513  30.588492      1
 39.791629  -76.801420   6.680537      1
  8.542885  -88.419665 -14.175842      1
  0.726228  -88.135148   6.305067      1
-18.711668  -87.497174 -52.416711      1
-18.647581  -97.582749  -1.176663      1
  5.284435  -93.479894 -24.251394      1
-62.147143  -73.503865 -50.278816      1
 -1.901298  -86.288937  19.036621      1
-26.179207  -95.088917  10.552811      1
-54.193248 -113.979847 -11.747070      1
  6.453513  -89.010750  -3.483983      1
 -8.937949  -97.081540 -11.576544      1
-45.278010  -80.040839 -52.316279      1
-10.299879 -100.350082 -32.885804      1
-24.493293 -104.653500 -27.661847      1
-29.929355  -83.424013 -53.129625      1
 -8.480291  -49.360541 -38.444157      1
  1.052698  -57.463710 -42.955493      1
-18.209940  -39.511155 -35.728270      1
  7.227326  -71.477108 -41.695069      1
-40.290272 -111.294061 -22.113963      1
 14.718658  -82.314352   9.332941      1
-77.290473 -104.385038 -36.433720      1
 11.760531  -74.961354  21.553846      1
-35.250576 -100.839175 -45.406857      1
 19.372050  -83.027883  -1.909859      1
-18.602055  -99.947452 -48.028881      1
-56.836682 -104.546366 -43.199680      1
 16.182343  -88.001170 -34.052067      1
 15.085281  -85.964739 -40.353965      1
-38.672241  -52.212637  12.363330      1
-21.778016  -26.257276  25.154387      1
-12.288584  -21.271334  23.166181      1
-31.963608  -30.546807   7.662116      1
-36.188543  -41.274366  -1.935634      1
-20.617463  -27.860057  26.018738      1
 -3.005041  -27.780640  33.034992      1
 -5.949566  -55.279724  34.900675      1
-35.967830  -46.646896   8.595145      1
-31.319150  -27.601658  18.945054      1
-18.333524  -24.017313  31.560268      1
 -2.747477  -25.816830  38.021777      1
 -3.138601  -44.557832  36.317290      1
-25.665098  -41.150739  25.229073      1
-30.354065  -43.876432  13.018633      1
 -5.511352  -48.101081  25.557809      1
-21.091489  -53.245170  20.228539      1
-46.103130  -56.125358  12.784002      1
-20.901835  -63.726179  42.069598      1
-14.966007  -55.518180  38.646240      1
-41.644251  -72.206548  19.375965      1
  2.437043  -57.469718  35.292231      1
-20.338749  -53.992281  26.400336      1
-32.341190  -35.480151   5.791698      1
-33.744813  -41.510009  -0.498490      1
-32.262258  -48.588072  11.683019      1
-24.809098  -57.611871  20.634539      1
  3.545283  -44.789551  27.984571      1
-15.180753  -60.138337  24.851553      1
  0.323867  -53.855159  28.472973      1
 -5.516219  -20.811858  22.578791      1
  4.481293  -31.417921  27.076621      1
-33.385556  -28.052360  -0.319225      1
-37.345215  -35.634710 -10.223667      1
-34.894722  -30.844566  -6.873974      1
-36.010596  -35.518282 -10.692929      1
-41.612071  -35.723791 -14.890843      1
-30.065111  -21.179376  -6.722214      1
-35.846241  -33.086510 -21.068553      1
-30.117375  -25.784464 -20.673190      1
  5.293889  -67.922527  39.507010      1
  0.195559  -16.430080  21.623724      1
 30.401327  -27.320461  35.492887      1
 21.748647  -47.901911  34.055643      1
 13.167210  -63.860732  32.582007      1
-22.469129  -15.762121 -11.266293      1
 -1.173331    2.544435  -9.866346      1
  4.599470    1.934420   3.741663      1
 34.132798   -4.359418  21.752173      1
 29.733450   11.453804   4.568840      1
 11.926854   14.059978 -18.113615      1
-19.273786  -21.248050 -32.101476      1
-14.836879   -8.031721 -14.716683      1
  5.790053   -3.080079  14.993574      1
 -1.005462   -1.043920 -30.418262      1
-64.503762  -47.989873 -12.505527      1
-71.823482  -62.625114 -35.721519      1
-65.501987  -86.445786  12.569985      1
-60.709872  -60.490307   8.287376      1
-31.731214  -32.409364 -31.802950      1
-96.228114  -97.264293 -22.334104      1
-73.428014  -55.339122   2.671292      1
-16.446657  -78.165766  44.983920      1
-12.487714  -79.244046  25.381716      1
-33.287810  -89.379558  19.824268      1
-22.998479  -72.267204  42.910785      1
 -5.340097  -78.016886  44.680178      1
-33.041137  -73.851532  30.558966      1
-10.322873  -60.030205  28.664491      1
-21.226768  -63.896054  29.286600      1
  0.966428  -57.881264  31.000110      1
-13.357011  -81.291849  35.052381      1
  8.883728  -66.437477  35.313291      1
-30.617152  -87.774450  34.467616      1
-42.157546  -85.658237  30.087204      1
-71.385437  -54.197964 -20.135713      1
-91.651011  -75.507865  -3.482916      1
-69.923489 -104.910351   2.708566      1
-47.593536 -101.472464  15.258896      1
-38.941889 -104.366668   1.667128      1
-28.508633 -105.199791  -9.735589      1
-16.795303 -101.123307 -18.904602      1
 17.183187  -82.032200 -22.105532      1
 -6.809755  -97.841960 -24.555218      1
 31.945432  -83.958435 -20.547524      1
 27.926720  -85.898114 -29.901773      1
 19.274178  -81.015027 -12.593238      1
-37.760553  -52.496777 -44.924407      1
-50.708843  -44.899940 -39.465187      1
-22.523437  -62.312666 -45.856950      1
-14.413979  -69.199267 -49.142079      1
 -3.894014  -80.401031 -49.905116      1
  4.180275  -95.477420 -35.701189      1
 -0.601591  -95.556420 -46.308623      1
-55.113903  -39.860277 -17.582486      1
-54.780143  -41.874812 -26.898730      1
 -3.125473  -95.150072 -17.629443      1