         x          y          z  Frame
 56.360618 -15.706071 -62.109887      1
  7.029830   8.780774 -32.449493      1
  8.368693  10.902507 -32.848698      1
 15.966324  17.017399 -31.346918      1
 19.866174  22.679136 -32.435338      1
 10.832345   2.430629 -25.365967      1
 37.715432  15.524611 -30.735981      1
 34.408741  20.796321 -35.627406      1
 41.463294  -2.314640 -52.887592      1
 64.755172 -16.709961 -49.536770      1
 59.084797 -25.591207 -60.420294      1
 65.429888  -5.230440 -33.379222      1
 64.510164  -7.189974 -57.204104      1
 52.448658   6.382568 -46.002325      1
 52.022166 -18.939939 -64.432276      1
 37.357802  -8.063645 -55.107159      1
 24.522406  21.334077 -45.523174      1
 60.576525 -24.474825 -55.641186      1
 60.839028 -11.136889 -60.764830      1
 45.537670   2.290938 -50.264497      1
 16.952395   8.120138 -25.535364      1
  7.058430   0.886059 -28.093445      1
 10.543420  -1.653316 -23.064069      1
 17.114540  -0.153618 -15.379078      1
  4.383592 -11.768755 -25.289766      1
  7.936651  -6.503250 -17.709729      1
 12.419536  -4.890311 -10.602381      1
 14.806053 -12.816257  -8.476018      1
  5.565650 -18.070811 -20.791607      1
  6.347646  -9.519037 -28.415208      1
 22.090737  -5.343544 -18.301580      1
 11.358696 -13.429854 -24.017065      1
 23.627552  16.223585 -25.117185      1
 41.034163   7.439897 -24.103078      1
 10.148575 -19.890925 -16.175360      1
 44.670177  19.313573 -43.477713      1
 25.279417  -1.832056 -56.330440      1
 35.694158  14.179259 -48.224968      1
 56.989678   0.815702 -26.305968      1
 50.445107  -9.918233 -56.431891      1
 66.277036 -13.114358 -42.097112      1
 61.507425  -0.498339 -52.730659      1
 45.791904 -13.800443 -58.329816      1
 54.460587  -4.045958 -55.424990      1
 13.322220   3.472437 -54.573797      1
  7.323639  -0.686787 -30.985806      1
  8.920543   3.494749 -48.069480      1
 44.604027  -1.587556 -20.912230      1
 30.472650  -3.203177 -18.680353      1
 12.050634  14.584629 -32.699771      1
 66.777043 -12.219752 -53.682629      1
 58.828089   4.287653 -42.008474      1
 28.717837  19.053828 -23.865039      1
 57.780255 -23.610899 -63.869794      1
 60.192355 -21.641858 -64.384682      1
 50.443051  10.850347 -34.320019      1
 65.446628  -4.943528 -48.056939      1
 61.831998 -21.535270 -49.200793      1
 60.367609 -18.743642 -27.835238      1
 54.860184 -10.840333 -21.261919      1
 64.306811 -20.771706 -38.412902      1
 22.313755  12.530460 -24.234640      1
 31.015981   6.671760 -21.177626      1
  3.214236   6.283479 -33.538905      1
  4.408928   4.414429 -38.678549      1
 31.967629   9.453357 -56.990565      1
 19.679499  15.371967 -47.674205      1
 61.442687 -21.609308 -58.563554      1
 63.474130 -24.794800 -60.447606      1
 64.198873 -19.166725 -58.142754      1
 19.509283  -1.094777 -48.614593      1
 13.710008  -2.242117 -39.709344      1
 14.548591  -0.488356 -45.455185      1
 10.444505  -1.697350 -43.124277      1
 17.582356  -7.173447 -34.350731      1
 24.616411  -3.080856 -25.967443      1
 21.995222  -6.648064 -30.031299      1
 44.121265  -8.649893 -25.230481      1
 33.636511  -2.982074 -27.294951      1
 30.382463  -7.559792 -32.851094      1
 38.224155  -9.894863 -34.754564      1
 24.931377  -6.406119 -38.042483      1
 31.761403 -11.286988 -39.980275      1
 21.286886  -3.717154 -41.604069      1
 27.125994  -5.046525 -44.578991      1
 57.560016 -20.012209 -54.717429      1
 49.464617 -17.852017 -59.834974      1
 58.626388 -22.256924 -52.089388      1
 55.233850 -17.000970 -58.166237      1
 58.751327 -21.544415 -48.111105      1
 46.010799 -13.006876 -55.069002      1
 57.931330 -21.757407 -42.729160      1
 54.076438 -20.439666 -46.774394      1
 51.447784 -17.753200 -50.610613      1
 48.845141 -14.083413 -53.839633      1
 37.186171  -9.301937 -52.939019      1
 44.970643 -15.633044 -46.935940      1
 48.231614 -19.224082 -41.836717      1
 53.746068 -21.287998 -33.407404      1
 42.043345 -10.949814 -50.029398      1
 48.881872 -14.687809 -28.773151      1
 42.966103 -16.514512 -36.862001      1
 38.050742 -14.432739 -43.905870      1
 33.889385 -10.364601 -47.585411      1
 27.914457  -5.212553 -51.732598      1
 56.207810 -34.018994 -45.492463      1
  2.934980 -17.646210 -31.120505      1
-12.216335 -18.844754 -52.880989      1
 -2.291712  -4.053936 -52.217671      1
 -9.421550 -32.589429 -60.026730      1
 51.775769 -33.862370 -29.878995      1
 36.516162 -40.048328 -70.395122      1
  1.808868  -1.320080 -52.893959      1
 46.035735 -40.121437 -32.058666      1
  4.443036  -4.682707 -41.175021      1
 30.366122 -14.040147  15.396314      1
 43.500605  -4.255299   4.639187      1
 32.531772  -8.307492  -6.127277      1
  4.025828 -11.791571 -33.448037      1
 14.487239 -35.790590  -4.228127      1
 46.806795 -29.231338  -6.790230      1
 -5.994772 -27.122113 -37.239826      1
 55.164753 -37.401607 -52.710309      1
  0.396653 -20.823838 -31.325840      1
 23.112929 -15.541003   3.316594      1
 25.893228 -12.993559  -4.275941      1
  7.079186 -28.652629 -18.914591      1
 36.693492 -41.768087  -9.120649      1
 24.050572 -17.059468   9.128306      1
 38.430190  -8.094558  14.028312      1
 37.310554  -4.794012  -4.305948      1
  5.198847 -36.101551 -65.045099      1
 50.098840 -32.189955 -17.994112      1
 40.141951 -44.416947 -19.865929      1
 20.542840 -46.064213 -38.598758      1
 54.981017 -33.706367 -37.580480      1
 49.744457 -39.809562 -41.269060      1
 17.361603 -38.875195 -65.016235      1
 47.751477 -42.650821 -56.144578      1
 40.641803 -45.351970 -51.718676      1
 28.778248 -37.454600 -65.979382      1
  6.265111  -5.486437 -38.478608      1
 30.148455 -14.473227 -58.880343      1
 40.092155 -19.852025 -60.285527      1
 17.265372  -7.731520 -63.697329      1
  6.676269  -2.401913 -58.856197      1
 48.119245 -25.802133 -68.843731      1
 30.568967 -49.224030 -44.381925      1
  6.118463 -14.202204 -29.598464      1
 10.393653 -19.423040 -22.391729      1
 57.846737 -27.686074 -49.298036      1
-13.603321 -50.350690 -55.672361      1
 58.079690 -29.236977 -27.817028      1
-13.425357 -26.108528 -46.552942      1
 57.281327 -31.565539 -61.219149      1
 59.279614 -31.106067 -53.804053      1
  2.566126 -54.557286 -59.618638      1
 51.452183 -20.966356 -20.406597      1
 32.441693 -45.279073 -61.620883      1
 58.233798 -27.291663 -39.254872      1
 42.028443 -44.614125 -65.771400      1
 19.641220 -14.829491 -17.343963      1
 18.309188 -50.296106 -61.196184      1
 55.251174 -29.714825 -67.391847      1
 30.722446  -7.394466 -15.356786      1
 47.657466 -10.416985  -9.532837      1
  1.209980  -2.451974 -46.911014      1
  3.159059  -1.795669 -45.850918      1
 11.867607  -6.578222 -49.965296      1
 11.422341  -8.622439 -42.186606      1
 15.123218  -8.603952 -54.477615      1
  8.663981  -6.237006 -47.064492      1
 15.732656 -12.959648 -34.902679      1
 19.977891 -16.665871 -28.033164      1
 24.303857 -13.372728 -23.190189      1
 33.078219 -12.382982 -23.350906      1
 42.703457 -15.192870 -23.595657      1
 27.805505 -15.147829 -31.797751      1
 34.380920 -20.460977 -33.489766      1
 21.835422 -13.596505 -38.602673      1
 26.167385 -20.038674 -41.864027      1
 17.745315 -11.470816 -44.195180      1
 23.276952 -14.437547 -47.461215      1
 49.918407 -20.486420 -62.266172      1
 56.625729 -29.401929 -47.497118      1
 53.745865 -26.841540 -55.642413      1
 55.991590 -28.972731 -51.786142      1
 53.506941 -21.585723 -60.840413      1
 42.086367 -19.472432 -60.071619      1
 53.975847 -28.669900 -42.974317      1
 46.306651 -21.917093 -56.699865      1
 48.341147 -26.271045 -52.535992      1
 51.356883 -27.704517 -47.329629      1
 34.404657 -15.923600 -57.352736      1
 41.103217 -25.538273 -49.001950      1
 43.935931 -28.561319 -41.701841      1
 51.651135 -29.189768 -32.894319      1
 39.661407 -18.551826 -53.182207      1
 47.974169 -23.727471 -26.801817      1
 39.840385 -24.333835 -36.801046      1
 32.894290 -24.941658 -44.321456      1
 30.041926 -17.568782 -50.224417      1
 22.832457 -13.969283 -56.677082      1
 15.155950 -28.217798  -6.138990      1
 37.427680 -22.996193   0.704930      1
 44.467847  -9.849276  -4.100246      1
 26.623032 -12.439811 -10.596971      1
 30.835013 -32.333859   6.129709      1
 34.878776  -8.361976  -8.969881      1
 38.819096 -45.619642 -38.171450      1
 44.670472 -42.940655 -45.573771      1
 30.357266 -45.948283 -28.934144      1
 49.948146 -40.181467 -51.122917      1
 21.104658 -47.596905 -17.422760      1
  6.736626 -46.615740 -32.162732      1
-14.843804 -39.805142 -47.838807      1
-14.957094 -26.199644 -55.793602      1
  1.598234 -15.692179 -60.867405      1
 24.695939 -25.393894 -63.132491      1
 12.698567 -20.332986 -62.848804      1
 34.652794 -29.639193 -63.653302      1
 -9.496195 -11.638399 -54.658648      1
 42.796074 -33.399468 -71.766943      1
 49.967374 -38.489372 -67.978006      1
 53.545385 -37.435471 -60.435379      1
 -6.293761 -13.580127 -57.935515      1
  1.461897 -40.232176 -26.084387      1
 51.533435 -37.995645 -46.326622      1
 17.385137 -19.949381 -10.963313      1
 38.760748   1.530178 -61.395947      1
 70.980879  -2.640093 -28.521203      1
 54.497091  13.677710 -49.677649      1
 33.092537  -3.642428 -63.851541      1
 44.749098  10.482656 -56.705117      1
 48.233823  26.994546 -44.204084      1
 21.422550   2.964951 -65.056576      1
 35.287850  22.491762 -54.980467      1
 62.006356   4.130150 -19.686683      1
 47.867426  -7.376735 -61.738814      1
 68.526687 -12.176009 -41.837617      1
 64.220298   5.070959 -53.164741      1
 42.673946 -11.181963 -65.250131      1
 53.439181   2.158413 -62.410600      1
 64.751850   9.736918 -40.393368      1
 56.038709  15.909546 -30.798843      1
 70.372529  -1.329433 -47.272934      1
 29.906733  13.328244 -64.956894      1
 55.018939 -13.885243 -66.220193      1
 68.149306 -17.369108 -49.548537      1
 67.506156  -2.959836 -58.690931      1
 50.450849 -17.812993 -69.559122      1
 62.798534  -8.405874 -66.063121      1
 71.537276 -11.571190 -55.194854      1
 59.689321 -25.085312 -68.888486      1
 62.626159 -23.406934 -65.995823      1
 66.538230 -23.432569 -59.043929      1
 64.768168 -26.323593 -63.004760      1
 68.027758 -19.828005 -60.496962      1
 66.106268 -22.843082 -48.115303      1
 66.818330 -16.348239 -23.631006      1
 63.073980  -8.210731 -15.907156      1
 68.205002 -18.983489 -35.444733      1
 57.800405 -35.219401 -45.020503      1
 54.455147 -35.459277 -27.771747      1
 35.689920 -40.110880 -73.565379      1
 46.759217 -43.551036 -30.632359      1
 56.667123 -39.364256 -52.930359      1
  1.767396 -37.436521 -69.079401      1
 53.664652 -34.372986 -15.099200      1
 41.342382 -47.921207 -17.879223      1
 20.654179 -51.982320 -37.716525      1
 56.834323 -35.028133 -35.982652      1
 50.623534 -42.288100 -40.371943      1
 14.335026 -39.301779 -69.165128      1
 48.956274 -46.328181 -56.561049      1
 41.122458 -49.377189 -51.284691      1
 25.771630 -38.152875 -68.487760      1
 27.686706 -13.698455 -62.801402      1
 38.456280 -19.672801 -62.818566      1
 15.429092  -7.677752 -66.706971      1
 46.890900 -26.348994 -72.142215      1
 31.202977 -53.682823 -44.531804      1
 59.693756 -30.811458 -26.490374      1
 -0.319238 -58.464861 -61.845583      1
 53.974101 -22.541744 -17.636838      1
 31.703571 -48.793977 -63.603753      1
 60.098159 -29.726758 -38.018343      1
 41.360159 -47.761607 -67.891874      1
 16.367503 -54.369986 -63.051759      1
 59.309689 -34.418424 -63.073973      1
 56.420278 -32.577447 -70.948982      1
  2.202657 -17.827808 -30.186241      1
  8.791743  -0.141713 -22.143831      1
 15.732594   7.514378 -22.258730      1
  5.155531  -0.037899 -29.344996      1
  3.705179  -4.550502 -39.988091      1
  9.343717  -1.647196 -22.109769      1
 16.006374  -1.343148 -12.142578      1
 31.315513  -7.671938  -7.346962      1
  3.573428 -12.363113 -32.015433      1
  2.638198 -10.703581 -27.503574      1
  7.549746  -4.069033 -18.742865      1
 13.126182  -4.402432  -8.911120      1
 17.077488 -12.807662  -7.320923      1
  4.503648 -19.744049 -21.111280      1
  5.129341 -12.392572 -28.169833      1
 22.258104  -6.448792 -16.417604      1
 11.692053 -16.656230 -20.629444      1
 -0.585098 -20.938737 -29.942188      1
 21.401665 -15.900623   2.369565      1
 25.025679 -12.345225  -4.848196      1
  6.055023 -28.680528 -18.200293      1
 37.986936  -4.123378  -5.199394      1
  9.309219 -22.136030 -15.809489      1
  5.511792  -4.591358 -30.229500      1
  5.609438  -4.550513 -37.934184      1
  4.920075 -14.486227 -28.340705      1
  9.584124 -19.461761 -20.583630      1
 30.578574  -2.488120 -14.417479      1
 19.385815 -14.846901 -15.913759      1
 31.607263  -6.125044 -13.265140      1
 21.189323  11.064850 -19.560449      1
 29.101380   6.810497 -17.173741      1
  2.176649   3.982358 -33.939044      1
  0.481587  -1.121096 -46.463545      1
  1.423302   3.055997 -41.809703      1
  1.480385  -0.641558 -45.940003      1
 -3.564691  -2.639559 -52.414985      1
  0.980769   9.960311 -36.189917      1
  0.310502  -0.147770 -54.559687      1
  2.462180   5.331771 -51.162841      1
 45.231345  -4.902426   3.401195      1
 25.975824  18.594080 -19.763493      1
 44.071225  11.187775 -19.385724      1
 47.469673  -0.985917 -15.361540      1
 49.563316  -8.191721  -7.990186      1
  4.533577  13.037640 -37.548913      1
 14.840822  23.314437 -33.723197      1
 20.005500  23.274037 -29.939884      1
 41.932385  23.712601 -25.375174      1
 32.878411  25.255074 -36.474841      1
 22.952585  26.851623 -47.144245      1
  8.882609   7.487059 -59.823529      1
  8.441833  17.280850 -36.954262      1
 28.028106  26.271895 -21.459381      1
 15.765533  19.409587 -52.903702      1
-15.499311 -19.720195 -54.616120      1
-12.557079 -33.484729 -63.080910      1
  0.384976 -41.450511 -24.366888      1
 -7.114010 -27.299951 -35.423864      1
  3.688805  -1.502378 -62.039017      1
-17.100007 -53.772436 -57.631325      1
-15.709128 -26.146460 -46.207105      1
 31.991603 -14.563409  17.759084      1
 48.750523 -31.770022  -3.720580      1
 38.429560 -44.811700  -6.866986      1
 22.397037 -18.009154   9.296389      1
 40.211798  -8.811236  15.093894      1
 13.733162 -27.955460  -6.438814      1
 25.108685 -12.503678 -11.985927      1
 16.624824 -19.136995 -11.585701      1
 35.164161  -7.018214  -9.544982      1
 39.518872 -24.033875   4.136616      1
 47.436319  -8.492783  -3.373912      1
 31.792203 -34.269979   8.365189      1
 13.616932 -37.887762  -3.145130      1
-17.896530 -26.602233 -57.714297      1
-17.561078 -40.318353 -47.415189      1
  5.992652 -51.567000 -31.244632      1
 22.083507 -51.276718 -15.618985      1
 31.314292 -49.351471 -27.617974      1
 39.632550 -49.058469 -37.713635      1
 45.700900 -45.580001 -45.113701      1
 60.686409 -32.128477 -54.811135      1
 50.823959 -43.230879 -51.249073      1
 63.168958 -25.879042 -56.643563      1
 62.781161 -28.891837 -62.628585      1
 59.145719 -28.667205 -47.376288      1
  9.656895 -19.555058 -67.979702      1
 -1.588774 -15.378134 -64.920493      1
 22.362758 -24.750479 -67.793459      1
 32.607505 -28.938417 -66.822791      1
 42.266947 -33.859019 -74.082614      1
 54.320927 -40.165317 -61.029101      1
 50.263100 -41.363819 -70.123982      1
-11.171476 -10.898658 -56.508203      1
 -8.473642 -12.913653 -60.217430      1
 52.423258 -40.599077 -45.933565      1