          x          y          z  Frame
  86.530597 -13.285161 -69.023590      1
  11.451052   4.586636 -53.245715      1
  14.638953   7.160778 -55.333815      1
  33.782092  20.404331 -54.480362      1
  36.859827  19.678260 -38.165673      1
   3.917479  -4.006067 -22.586136      1
  48.947435  14.882855 -30.222376      1
  47.348577  21.322508 -44.444037      1
  66.318056  -3.320326 -62.935720      1
  90.925626 -11.606768 -56.751206      1
  87.190506 -21.098846 -67.475879      1
  84.060470  -1.380544 -35.136737      1
  90.591626  -5.854474 -62.537938      1
  74.350237   4.679580 -54.603175      1
  80.704398 -17.500244 -70.011779      1
  60.798251  -7.577142 -64.066234      1
  42.310219  19.362062 -59.880948      1
  88.039266 -19.288212 -62.404356      1
  90.069620  -9.841507 -66.622433      1
  70.802850   1.159740 -60.376330      1
  19.797819   3.691114 -14.748445      1
   6.266887  -2.293125 -40.452956      1
   5.292539  -5.875604 -22.483673      1
  25.654945  -1.950905 -13.282093      1
  -0.868495 -11.058801 -33.260574      1
   4.173610  -5.241565 -19.681867      1
  19.904196  -2.533426 -11.362707      1
  25.981445 -15.969205 -13.905998      1
   5.650613 -20.916829 -29.798109      1
  12.899455 -16.534073 -41.424387      1
  28.024955 -15.198891 -20.925159      1
  18.926509 -23.165058 -34.567433      1
  28.163289  11.024792 -20.660259      1
  47.866278   4.346867 -21.738860      1
  20.318168 -27.457543 -25.798063      1
  63.200622  13.561753 -52.046253      1
  45.581736  -0.472637 -68.192600      1
  56.288530  14.716707 -63.282257      1
  70.600970   1.555804 -28.935855      1
  77.256345  -9.393681 -63.963324      1
  88.542151  -9.698650 -47.793086      1
  84.677866  -1.830017 -58.203819      1
  71.801490 -13.310730 -64.899972      1
  79.819685  -4.495520 -61.893691      1
  29.952852   0.578755 -70.677829      1
  10.969286  -4.688604 -44.343907      1
  21.572668  -0.468538 -66.037788      1
  47.116610  -7.004539 -23.546446      1
  35.198301 -12.180285 -19.859541      1
  20.393197  11.870044 -60.277796      1
  94.043906  -8.579424 -60.693005      1
  81.009593   4.122842 -46.870095      1
  33.698822  15.631471 -28.767510      1
  86.406247 -19.949850 -70.689265      1
  92.643816 -17.440640 -72.427370      1
  68.389070  11.458680 -38.392771      1
  88.514111  -2.965481 -53.141398      1
  87.591931 -18.506011 -54.506099      1
  77.401073 -20.460006 -28.955163      1
  61.939533 -12.435260 -25.761951      1
  83.816809 -19.259011 -43.670807      1
  24.269728   7.386028 -17.872349      1
  35.855375   0.291329 -18.221332      1
   7.812329   1.297556 -48.002216      1
  10.483220  -0.240616 -55.932750      1
  50.887213   6.504852 -68.672170      1
  36.279751  11.270801 -61.715703      1
  93.116304 -18.024084 -64.950207      1
  94.171522 -18.532107 -68.553648      1
  95.688784 -13.286609 -67.612882      1
  35.238180  -1.517592 -63.122887      1
  22.447536  -7.300309 -53.481223      1
  26.604904  -3.781226 -60.803523      1
  20.913653  -6.491009 -58.504709      1
  26.467616 -14.277041 -45.675728      1
  32.918507 -14.026999 -30.151909      1
  29.916838 -14.535880 -38.174125      1
  49.859049 -15.579809 -27.770093      1
  39.994407 -13.782001 -29.001988      1
  39.872827 -15.612478 -38.964463      1
  48.548007 -15.367527 -39.972977      1
  35.923259 -11.423045 -48.450301      1
  45.207373 -14.768229 -50.135503      1
  33.196338  -7.627935 -54.989867      1
  42.023897  -6.442069 -56.844880      1
  79.440299 -20.736466 -62.944206      1
  75.028937 -16.396089 -67.274967      1
  81.761682 -21.394791 -59.001175      1
  77.648338 -18.111141 -66.308983      1
  82.112010 -21.362536 -53.695358      1
  68.985656 -12.354660 -64.353122      1
  79.037762 -22.713934 -48.125968      1
  74.328742 -21.825587 -53.917887      1
  71.685134 -18.776864 -59.242246      1
  70.730329 -13.813254 -62.399736      1
  58.888515  -7.939995 -64.029728      1
  64.291986 -16.498021 -55.679454      1
  66.818169 -21.214186 -48.834689      1
  71.726644 -24.731611 -37.648505      1
  60.843155 -12.925035 -60.732694      1
  59.781820 -19.437095 -31.723548      1
  56.818302 -19.667832 -42.390645      1
  53.847035 -16.442895 -53.668384      1
  51.584682 -11.735121 -59.276242      1
  47.295446  -3.174754 -64.162082      1
  79.258991 -32.695082 -50.787283      1
  11.430276 -28.025050 -46.100663      1
  -0.903134 -28.258654 -75.383266      1
   8.889147 -10.267357 -71.756468      1
   8.649358 -38.705117 -80.402154      1
  66.063706 -37.968913 -32.893303      1
  63.050054 -36.581755 -82.524042      1
  15.098981  -6.669128 -72.305753      1
  59.056057 -46.352518 -37.539518      1
  12.649825 -10.657929 -57.446780      1
  14.624884 -37.297453   8.453776      1
  26.390740 -28.144588   3.690596      1
  17.985909 -22.453105  -0.676371      1
  11.802762 -19.245967 -48.250056      1
  21.615099 -50.711159 -14.358316      1
  40.329037 -40.139773 -10.668240      1
   6.502668 -38.010221 -54.848058      1
  77.975122 -31.662324 -60.393568      1
  10.275211 -32.744117 -48.731119      1
   7.795881 -29.809670   2.676314      1
  10.431575 -24.303235  -0.567923      1
  22.136504 -41.571705 -34.370250      1
  39.397315 -54.296370 -10.086075      1
  10.311065 -34.689977   5.242024      1
  21.374293 -36.616351   8.358410      1
  22.786317 -21.377793  -0.620558      1
  22.206099 -44.154633 -87.568425      1
  49.752785 -35.135587 -24.237706      1
  46.608803 -45.187078 -25.286329      1
  34.094169 -54.959430 -49.665762      1
  75.418644 -36.455610 -41.620290      1
  71.172790 -42.852514 -47.006263      1
  38.366096 -42.237011 -89.763264      1
  69.761948 -35.510729 -67.396669      1
  63.095093 -45.414188 -62.687028      1
  53.156960 -36.738726 -84.838037      1
  14.642783 -11.482604 -53.988196      1
  54.307889 -11.883709 -75.292658      1
  66.186564 -17.905917 -72.158087      1
  39.194196  -4.266593 -84.311492      1
  23.413846  -4.691375 -79.563770      1
  76.451600 -23.280407 -75.438247      1
  48.462188 -56.239258 -55.998561      1
  14.868724 -23.162505 -43.675019      1
  22.486812 -31.447893 -34.475102      1
  84.735927 -26.308812 -54.198380      1
   7.694862 -47.023440 -71.557318      1
  71.909187 -31.663932 -32.673653      1
  -2.644516 -36.959562 -66.102653      1
  83.766509 -26.660489 -69.682138      1
  85.266744 -26.310196 -60.526041      1
  20.336808 -51.545101 -72.851027      1
  54.355814 -24.922247 -26.848344      1
  55.038498 -43.669460 -78.313853      1
  80.623388 -28.896079 -42.532055      1
  67.278067 -38.343055 -78.767648      1
  27.694689 -28.591011 -24.764516      1
  39.336027 -52.984434 -77.288265      1
  83.915951 -25.524499 -75.144565      1
  33.266356 -18.716810 -16.362351      1
  43.216202 -21.451786 -14.659024      1
  10.746034  -8.310765 -65.400682      1
  12.871096  -7.695007 -63.969977      1
  26.017924 -10.862215 -67.282277      1
  22.477871 -14.970508 -58.072051      1
  32.532060 -10.210840 -71.327706      1
  20.770449 -12.024155 -64.025277      1
  26.260590 -21.785686 -47.826514      1
  30.526156 -29.403097 -38.465014      1
  32.086693 -27.548731 -29.422420      1
  38.888289 -25.660085 -27.435490      1
  47.014272 -29.273661 -26.451673      1
  37.747029 -26.403158 -39.859917      1
  45.621177 -27.264144 -40.652048      1
  33.252183 -22.414154 -51.232537      1
  40.345005 -27.357192 -53.921387      1
  29.985724 -17.632211 -59.815108      1
  39.027263 -19.819921 -62.870558      1
  72.737546 -21.351230 -71.263765      1
  79.176192 -28.672670 -54.326548      1
  75.392758 -27.928749 -66.032776      1
  78.953897 -28.285127 -59.452540      1
  75.224988 -24.226641 -70.686099      1
  66.672771 -16.918252 -70.918108      1
  75.505790 -30.993622 -48.865254      1
  67.568789 -22.953982 -68.051682      1
  69.153721 -27.893376 -62.696275      1
  71.605134 -29.963818 -55.508765      1
  57.503470 -13.030067 -70.967021      1
  60.648411 -27.555819 -59.490658      1
  63.640347 -30.819938 -50.175880      1
  69.708538 -35.259719 -38.544695      1
  60.040415 -20.682624 -65.682673      1
  57.960142 -31.088543 -32.155833      1
  53.942362 -29.276691 -44.109037      1
  50.123251 -28.302721 -55.200140      1
  48.504812 -21.736054 -65.387222      1
  43.859032 -11.126218 -70.809808      1
  18.998701 -42.678791 -15.460650      1
  31.221245 -42.831218  -0.192472      1
  35.745471 -25.661232  -5.981565      1
  26.107094 -26.213155 -13.291557      1
  25.604299 -53.244398   1.441924      1
  31.605804 -22.027897  -9.466930      1
  53.519610 -54.263430 -46.774836      1
  64.644751 -45.260682 -54.781710      1
  39.563990 -57.358973 -36.055673      1
  70.247213 -34.680766 -59.579461      1
  29.564884 -55.707284 -26.171270      1
  22.616061 -48.141506 -45.275869      1
   2.426684 -44.194614 -64.777143      1
   0.452094 -34.289645 -78.636969      1
  18.202246 -20.623899 -82.294339      1
  47.652899 -23.013496 -89.357076      1
  31.330863 -21.532597 -92.774102      1
  59.845502 -26.643577 -79.688441      1
   0.749481 -19.479512 -75.858491      1
  70.929665 -29.403972 -80.038618      1
  77.618151 -32.138092 -77.518581      1
  78.726645 -30.613271 -69.887861      1
   6.772176 -20.580850 -79.030400      1
  18.243652 -48.224847 -42.803733      1
  71.626548 -35.911323 -53.935263      1
  22.176243 -34.106050 -17.895724      1
  66.542068  -1.642832 -70.425310      1
  90.627876   1.465193 -29.942999      1
  77.653377  10.505926 -55.482767      1
  56.975043  -8.278523 -65.805553      1
  72.400153   7.564344 -67.677042      1
  68.425086  22.968445 -52.260883      1
  43.639056   2.196260 -76.168408      1
  56.404158  24.180703 -72.381299      1
  72.803866   4.820790 -20.457626      1
  76.074606  -7.498803 -68.715937      1
  95.477684  -5.002171 -42.959772      1
  87.342438   3.654506 -58.921637      1
  69.589590 -15.021400 -65.488416      1
  81.829547  -1.216192 -66.801832      1
  87.431022   9.846356 -43.006249      1
  71.345794  20.887299 -31.986292      1
  95.935660   2.122545 -50.545282      1
  50.337209  11.290622 -77.760896      1
  86.359225 -13.348729 -70.785799      1
  98.128731 -10.890918 -57.698302      1
  94.436603  -2.567993 -63.240256      1
  81.534469 -16.797845 -73.324882      1
  93.305705  -7.590661 -70.251757      1
 100.421582  -5.934957 -61.743627      1
  91.248780 -20.942579 -75.085946      1
  96.767526 -17.495730 -74.814713      1
 100.539768 -15.895311 -66.499925      1
  98.649492 -19.400619 -71.342675      1
 102.088248 -12.880610 -71.412904      1
  93.459864 -16.971748 -52.512414      1
  82.684906 -15.845953 -20.810520      1
  68.176256  -8.342080 -18.912912      1
  90.063312 -17.831469 -37.239952      1
  81.003872 -33.212076 -49.928326      1
  68.175023 -38.299966 -29.944560      1
  62.653514 -36.924071 -84.881454      1
  59.624237 -48.966110 -35.945104      1
  79.512859 -32.451682 -60.278822      1
  19.194624 -46.262673 -94.326091      1
  51.455167 -36.324474 -20.338849      1
  47.740843 -48.345382 -22.415113      1
  34.193706 -60.501190 -48.876043      1
  77.335829 -37.429952 -38.916080      1
  71.716224 -45.084970 -45.525456      1
  35.510545 -44.132709 -96.393189      1
  70.913243 -39.001752 -67.476670      1
  63.568278 -49.821140 -61.792017      1
  50.994755 -37.799743 -88.947042      1
  53.791559 -10.221260 -80.653108      1
  65.052972 -17.851962 -74.796218      1
  38.671900  -2.466701 -90.313565      1
  76.328790 -23.935245 -77.782705      1
  49.059304 -60.842581 -56.138757      1
  72.944931 -33.107201 -30.731681      1
  17.562019 -55.039347 -75.386610      1
  54.708032 -26.455693 -25.117930      1
  54.436543 -47.242504 -80.430145      1
  82.526401 -30.653050 -40.535579      1
  66.718104 -40.754291 -80.828613      1
  37.499107 -56.900761 -78.950629      1
  86.716567 -28.080225 -71.224237      1
  86.081736 -27.555189 -78.026232      1
   9.762859 -27.814510 -44.875354      1
   1.310174  -2.291043 -20.520624      1
  17.817823   5.382281 -11.879787      1
   3.913793  -2.208592 -39.871210      1
  10.686558  -9.732237 -56.063009      1
   2.319489  -3.998530 -20.899590      1
  25.749201  -0.886969 -10.126510      1
  17.236834 -21.110760  -1.556886      1
  10.584022 -19.416250 -46.345771      1
  -4.291260  -8.715801 -36.652973      1
   1.103901  -2.760109 -18.405820      1
  22.545743  -1.201299  -9.017010      1
  27.800223 -17.144899 -12.288847      1
   5.709985 -23.085507 -31.115789      1
  10.031252 -18.516837 -40.849227      1
  29.082169 -15.842893 -19.404183      1
  20.556159 -26.154979 -30.790325      1
   8.260312 -32.649834 -46.898832      1
   6.516500 -29.676697   1.301301      1
   9.308460 -23.161375  -0.971381      1
  19.342083 -41.584628 -33.450969      1
  25.526241 -20.294926  -2.328769      1
  20.025810 -30.710895 -26.110959      1
   7.308958  -6.589034 -44.180414      1
  12.399311  -9.696351 -53.076238      1
  12.889282 -22.290533 -42.063928      1
  20.687621 -30.509252 -31.751529      1
  34.235865 -10.014165 -14.156020      1
  25.824619 -27.952681 -22.410216      1
  32.259169 -17.535650 -12.895776      1
  24.285804   7.364469 -13.681188      1
  33.058452   1.432870 -13.531047      1
   3.908915   0.563471 -49.607844      1
   9.071104  -6.423916 -65.015225      1
   7.307041  -1.112088 -59.686644      1
  10.278813  -5.941099 -64.470103      1
   7.131633  -8.656433 -72.200016      1
   5.533050   5.690162 -57.513211      1
  13.723390  -5.220094 -74.438867      1
  14.086826   1.274617 -71.468413      1
  28.998112 -27.354629   2.296910      1
  29.265735  12.283165 -15.523298      1
  50.786307   9.319475 -16.406576      1
  48.333913  -5.262980 -17.002606      1
  43.611217 -19.641369 -13.202690      1
  11.676198   9.206875 -61.292534      1
  33.172490  25.699442 -53.821698      1
  34.823474  27.096019 -39.623269      1
  50.873847  22.723700 -23.620014      1
  48.228233  31.336603 -44.252523      1
  43.072183  28.799879 -64.191145      1
  26.526184   4.736921 -77.527307      1
  20.097613  15.335088 -62.075409      1
  34.483302  18.570632 -27.481771      1
  32.731431  13.950337 -67.750699      1
  -4.041800 -29.204081 -77.818719      1
   5.836581 -39.938973 -84.644058      1
  15.983065 -49.200332 -40.677341      1
   4.131714 -38.643611 -53.165770      1
  20.788663  -3.520737 -84.193463      1
   5.185395 -48.802861 -73.347546      1
  -5.662396 -37.347080 -65.822945      1
  15.526510 -39.608357  10.411415      1
  40.586763 -43.370637  -6.511676      1
  40.270819 -58.077650  -7.696117      1
   9.149911 -35.252508   4.912407      1
  22.268094 -38.060522   9.950250      1
  17.293532 -42.111788 -16.133593      1
  25.559302 -26.011285 -14.991113      1
  20.376391 -32.617529 -18.149918      1
  31.186890 -20.426651  -9.138224      1
  31.351867 -45.637448   2.678918      1
  37.480329 -24.328116  -5.413210      1
  25.806427 -55.860845   3.954242      1
  21.257474 -53.035425 -13.958711      1
  -2.791931 -34.691885 -81.121674      1
  -0.449863 -45.196491 -64.827519      1
  22.582915 -52.694844 -44.488856      1
  29.716883 -59.257895 -24.004048      1
  40.420261 -60.783057 -34.990219      1
  54.616639 -57.184420 -46.227172      1
  65.458504 -48.179920 -53.851125      1
  87.632400 -26.370574 -61.234965      1
  70.231337 -35.735653 -59.331913      1
  93.406690 -18.940850 -63.036272      1
  92.777690 -21.697845 -70.117620      1
  86.854660 -27.758247 -50.861961      1
  28.756347 -22.073569 -98.611734      1
  15.492879 -20.749200 -88.401384      1
  45.549038 -23.485273 -94.659444      1
  58.243330 -26.755933 -83.408135      1
  70.978548 -29.897545 -81.316649      1
  79.410606 -31.879374 -70.333108      1
  78.468150 -34.134235 -79.470870      1
  -0.911690 -18.821631 -78.343816      1
   4.715260 -19.900489 -82.170317      1
  72.490693 -37.566805 -53.145711      1