         x          y          z  Frame
 65.179060  -7.318652  -8.853034      1
  9.449849   8.203824  12.911653      1
 11.320499  10.312844  11.636605      1
 20.013237  16.785566  11.461755      1
 28.101996  21.511607  16.835309      1
  7.318237   6.522102  30.265449      1
 44.147264  25.521757  30.437768      1
 40.250633  29.659855  14.043678      1
 51.527061   7.071368 -11.552410      1
 73.327136 -10.104239  12.433612      1
 69.144248 -20.220550  -0.352048      1
 68.350450   2.010269  26.367828      1
 71.753096   0.488090   1.875954      1
 62.273879  16.189265   5.552408      1
 60.983039 -12.915193 -12.732951      1
 44.506673  -3.050106  -9.636740      1
 34.137051  20.168067   4.332546      1
 70.874153 -20.754652   6.612972      1
 69.523874  -3.289652  -4.005907      1
 58.222009  13.382168  -5.457180      1
 15.023487  11.212999  30.372558      1
  5.574430   3.495184  20.214552      1
  8.038384   5.463701  30.835260      1
 19.636871   7.584649  35.305577      1
  3.782241   1.839873  25.458954      1
  7.676241   6.344961  34.078761      1
 15.329373   7.314756  38.324281      1
 19.007643   0.234064  38.813092      1
  6.537411  -2.020629  28.440384      1
  7.904655  -3.673344  20.548710      1
 23.999724  -0.453443  33.483080      1
 13.351303  -6.073107  25.498421      1
 21.830067  17.041322  27.972224      1
 43.617125  13.089284  34.096202      1
 13.332970  -6.286346  31.688857      1
 52.830233  26.754972   9.235832      1
 31.729844   0.800430  -7.058585      1
 43.902890  23.555063  -3.876989      1
 58.564895   8.291960  31.458671      1
 60.341561  -1.193584 -10.503207      1
 72.768194  -5.139236  19.740135      1
 68.343041   7.557162   2.625320      1
 54.301925  -7.729195 -11.890724      1
 63.702872   5.525561  -5.811181      1
 20.171340   1.513276  -6.264396      1
  8.234902   0.924329  17.686374      1
 14.967997   0.329192   0.309714      1
 45.761027   2.538555  33.952978      1
 31.947590   1.270331  33.629773      1
 15.590824  13.334424  11.177336      1
 75.140715  -4.694959   7.222225      1
 66.901404  10.943452  17.631503      1
 25.915770  19.799027  28.654373      1
 66.477265 -17.821424  -6.683805      1
 68.459729 -13.716858  -5.532997      1
 58.611009  18.790212  22.794198      1
 72.872374   2.242745  12.879851      1
 70.798069 -17.513502  13.566029      1
 63.104979  -9.362652  30.441038      1
 53.225786  -2.400744  35.037879      1
 69.000889 -14.105174  23.040378      1
 20.849065  14.676236  30.352659      1
 32.362559   9.066808  32.271101      1
  6.287608   5.175856  14.772014      1
  8.350993   1.855043   9.975809      1
 38.832472  12.953370  -7.893405      1
 25.533098  15.222827  -2.441118      1
 72.780218 -17.326979   4.559642      1
 72.322792 -18.235330   2.604974      1
 72.594415 -10.420089   1.740572      1
 23.841124  -1.342574  -0.218462      1
 16.197005  -3.167118   9.829704      1
 18.426842  -1.713891   3.094145      1
 14.628892  -3.317347   6.431878      1
 19.333586  -5.159290  15.371213      1
 26.719084  -1.792388  26.652799      1
 23.687025  -5.144794  21.330596      1
 43.143842  -4.709063  31.679256      1
 34.235627  -2.158525  27.723256      1
 31.134587  -5.983934  20.280308      1
 38.196688  -7.905854  19.748211      1
 26.102594  -6.275315  12.055229      1
 32.760783  -9.876408  11.148911      1
 23.369529  -4.134799   7.035517      1
 29.050116  -5.785471   4.047735      1
 61.192810 -18.048049   2.310712      1
 56.288810 -13.527830  -8.224957      1
 63.813838 -19.377253   7.312744      1
 59.135336 -15.093191  -3.880154      1
 65.563500 -18.593770  13.016233      1
 50.783376 -10.407357  -6.486227      1
 61.852445 -16.528750  16.600186      1
 56.902893 -17.299612   9.994009      1
 53.149247 -17.482322   4.188372      1
 51.428518 -14.140668  -1.582479      1
 41.814407  -7.291211  -4.535358      1
 46.612573 -15.573053   6.473189      1
 50.415907 -15.454679  13.774946      1
 57.079374 -12.550508  24.314667      1
 43.692898 -12.218267   0.818013      1
 49.778028  -8.784065  30.037676      1
 44.215126 -11.661832  17.897164      1
 39.932651 -13.142761   8.591191      1
 36.637005  -8.984616   2.506201      1
 32.792048  -3.480029  -2.378774      1
 66.341996 -34.272663  18.694231      1
  1.556968  -6.143456  15.112588      1
-14.807680 -15.773421  -4.075627      1
  4.539322  -9.015241  -0.325749      1
 -9.320478 -27.418243 -19.639943      1
 59.555601 -32.373552  37.805169      1
 43.911753 -35.998660 -19.690719      1
  9.177556  -5.798803  -2.674647      1
 46.790546 -38.355380  28.777146      1
  7.975584  -6.193671  10.681994      1
 23.489818 -19.666700  61.741933      1
 36.953864  -7.613278  57.887513      1
 26.651124   0.950662  49.386916      1
  3.595586  -5.517541  15.075029      1
  2.261245 -28.001719  48.085400      1
 42.311960 -24.798694  52.603488      1
-11.861273 -12.161161  11.979339      1
 64.894230 -36.789174   8.666130      1
 -2.172752  -7.254094  14.836643      1
 12.842039  -7.942609  53.099351      1
 17.922549  -1.461433  49.065020      1
  4.976886 -17.781929  28.910058      1
 30.722958 -33.763257  47.452667      1
 12.232553 -15.214964  57.650070      1
 33.584292 -16.788686  62.505268      1
 32.480329   0.737722  50.731206      1
  5.545182 -32.178397 -22.744239      1
 52.278798 -28.068423  48.072970      1
 38.563846 -36.289909  38.026669      1
 19.507277 -35.915561  13.203873      1
 63.083420 -32.535865  27.636321      1
 55.066893 -39.733658  20.476038      1
 22.583837 -33.145428 -20.069667      1
 54.502084 -39.490069  -0.806585      1
 45.860707 -43.423111   3.254420      1
 34.719052 -33.824079 -19.557765      1
  9.277833  -5.619455  12.428467      1
 37.432068  -9.684769 -13.749668      1
 47.740081 -14.430045 -17.082794      1
 25.059025  -5.961175 -11.746540      1
 13.794350  -4.753546 -10.102320      1
 56.725096 -21.183351 -16.238032      1
 32.377495 -41.543957   9.299698      1
  7.344182  -6.998485  18.771478      1
 12.816706 -10.480922  26.176213      1
 70.128183 -25.773117  15.367119      1
-15.575157 -39.146210  -5.084674      1
 65.012950 -19.254903  35.856126      1
-24.189722 -16.958764   3.556914      1
 67.493981 -26.973996  -1.852816      1
 70.204261 -27.771266   9.528925      1
  6.587107 -36.283331  -4.726644      1
 54.858226 -13.505236  42.203698      1
 37.676838 -39.680734 -11.422574      1
 67.133769 -22.547351  25.160806      1
 48.529401 -40.008153 -12.545094      1
 20.777235  -9.415413  33.865934      1
 22.814222 -38.396937  -7.481324      1
 64.615738 -24.726242 -10.693340      1
 31.295932  -2.585666  38.495933      1
 44.713909  -7.103232  46.366712      1
  7.572041  -6.186569   4.131824      1
  9.282155  -5.398224   4.910213      1
 16.768384  -7.428644  -0.129023      1
 14.544945  -8.268031   7.997584      1
 20.503194  -7.498398  -4.427112      1
 13.431838  -7.866833   3.602282      1
 17.650165 -10.119909  15.436061      1
 21.362310 -13.277204  23.218078      1
 25.036206 -10.987427  30.186961      1
 32.603398  -9.382998  32.058064      1
 42.145213 -10.752465  34.777229      1
 28.764319 -12.904185  21.461286      1
 36.441328 -14.770893  21.494374      1
 23.287538 -12.287116  12.256665      1
 29.212857 -16.083412  10.478696      1
 20.101966 -10.241604   6.227040      1
 26.162493 -12.748874   2.966767      1
 54.092835 -18.485333  -9.667301      1
 63.893276 -24.323947  13.335621      1
 59.205757 -22.369126   0.740183      1
 63.322327 -24.130834   7.766619      1
 57.108165 -20.731618  -6.269535      1
 47.478458 -16.570051 -10.207711      1
 60.176694 -22.479728  17.053701      1
 49.348093 -20.470505  -3.610689      1
 52.038417 -22.921983   3.225626      1
 55.468277 -23.411670  10.228300      1
 39.408425 -13.831889  -8.069231      1
 44.271578 -22.235960   5.964670      1
 48.894151 -21.211540  14.784931      1
 56.609830 -18.591516  25.990905      1
 41.693715 -18.672510  -1.586747      1
 50.231228 -13.882174  31.461375      1
 42.992729 -18.565349  19.894281      1
 36.646641 -19.914990   9.095891      1
 33.918547 -15.966667   0.979372      1
 28.917558 -10.338874  -6.514397      1
  6.966814 -19.897192  44.167823      1
 32.668082 -22.447382  57.149573      1
 38.878672  -8.705232  51.605152      1
 24.947691  -6.307720  42.101252      1
 23.106471 -31.299154  57.719343      1
 32.681836  -4.591342  45.300066      1
 39.997708 -41.150388  20.290253      1
 49.658203 -42.180996  13.045202      1
 28.724061 -37.532851  27.964642      1
 57.205279 -39.815804   7.979997      1
 16.547619 -34.918572  35.982028      1
  2.022658 -31.207912  18.023450      1
-25.198804 -29.598211   1.618295      1
-19.111849 -21.687909 -12.606532      1
  4.774516 -15.496156 -17.499506      1
 30.516884 -20.243127 -18.569478      1
 17.185458 -17.334390 -18.070674      1
 41.443967 -25.105345 -20.925765      1
 -7.431508 -14.096685  -3.529538      1
 51.484628 -29.503965 -20.189300      1
 58.971800 -34.397347 -12.438561      1
 62.812784 -34.583390  -2.930125      1
 -3.090563 -14.750003 -10.669873      1
 -5.880880 -25.855717  22.938227      1
 58.981659 -37.650904  14.878718      1
 15.438077 -12.211087  39.945779      1
 49.455349   8.945346 -15.801321      1
 71.825850   3.694900  30.662797      1
 65.112006  22.240344   5.808014      1
 43.375017  -1.316464 -14.996662      1
 57.403721  20.243806 -11.287084      1
 55.850485  34.257790   9.924017      1
 30.416284   2.554215 -12.754085      1
 43.654832  28.733637  -8.521931      1
 61.174899  10.106494  37.002761      1
 59.121634   1.261902 -15.245031      1
 76.968172  -3.259512  23.444201      1
 70.206396  13.375211   3.907036      1
 52.019440  -5.989275 -17.255496      1
 65.658988  10.686033 -10.709014      1
 69.798624  14.994746  20.800876      1
 61.257087  22.928402  27.326101      1
 76.751370   5.114897  15.496113      1
 37.356515  14.994370 -14.258351      1
 65.014687  -5.587455 -14.104854      1
 78.336655 -10.609588  13.878922      1
 74.660916   4.348207   1.641224      1
 60.433973 -11.776590 -17.522065      1
 70.960756   0.405957  -8.389074      1
 79.976907  -2.656129   8.301182      1
 68.524121 -18.439581  -9.856271      1
 70.957610 -14.339596  -5.293971      1
 76.535811 -15.843107   7.135819      1
 74.995136 -19.354903   1.654778      1
 76.658029 -10.420480   0.979438      1
 75.336894 -17.904281  17.333303      1
 65.155812  -8.069633  34.863415      1
 55.402912  -2.698708  37.237993      1
 72.784905 -13.255234  28.091883      1
 68.094845 -35.937432  20.152702      1
 61.348957 -34.438380  40.612179      1
 43.096048 -36.442856 -22.505318      1
 47.361560 -41.013677  30.422792      1
 66.585445 -39.128595   9.560844      1
  2.581391 -33.524459 -26.811689      1
 54.402326 -30.600128  50.718344      1
 39.446550 -38.923710  40.459376      1
 19.779932 -38.721428  14.626351      1
 64.976396 -34.495218  30.560852      1
 55.525912 -42.344908  21.993034      1
 19.658458 -34.028561 -24.667359      1
 55.457439 -43.831499   0.119434      1
 46.084346 -46.759548   4.678811      1
 32.518700 -34.455066 -23.273258      1
 35.709397  -9.502001 -16.182345      1
 46.398052 -14.919837 -19.969579      1
 24.127706  -6.378050 -13.175797      1
 56.120087 -21.990740 -19.192869      1
 32.487445 -44.805225   9.825714      1
 67.616061 -20.638968  38.435668      1
  3.997761 -38.337373  -6.303114      1
 57.938107 -14.486001  46.139970      1
 36.737917 -42.302697 -12.447008      1
 70.091691 -24.192508  28.280970      1
 47.850546 -42.639792 -14.072293      1
 21.331212 -40.192125  -8.097532      1
 70.426790 -29.766558  -1.918657      1
 66.566905 -27.573143 -12.726473      1
  0.281021  -5.272832  15.744152      1
  5.765302   7.867037  31.988638      1
 14.032863  12.493203  33.046916      1
  4.520175   4.000578  20.480576      1
  6.779652  -5.157492  11.468910      1
  6.784260   6.924993  32.075473      1
 19.099486   8.332015  37.525166      1
 26.062587   2.530006  48.002224      1
  2.787319  -4.750957  16.136403      1
  1.821292   2.469662  23.298845      1
  5.961751   8.032315  34.294899      1
 16.686457   8.179193  39.449022      1
 21.122195  -0.304419  40.262529      1
  5.474689  -3.169144  27.654629      1
  6.220570  -3.722062  20.676822      1
 24.581014  -0.705528  34.776197      1
 13.731757  -6.935053  28.131912      1
 -4.122941  -6.564142  16.074247      1
 11.178240  -7.231162  51.737133      1
 17.205251  -0.143939  48.238069      1
  2.652272 -17.084124  29.459897      1
 33.866849   0.526364  49.670368      1
 12.202531  -7.806678  31.673792      1
  6.143420   0.490977  18.129758      1
  8.172577  -4.381494  13.120443      1
  5.781393  -5.858539  19.512741      1
 11.611129  -8.938098  27.487655      1
 31.818204   3.022831  37.572902      1
 20.070720  -8.140940  35.155877      1
 31.740182  -1.130808  40.613001      1
 20.430340  13.906978  32.558692      1
 30.218235  10.030189  35.034957      1
  4.209038   3.708098  15.031690      1
  6.678885  -4.876140   4.549890      1
  6.106174  -0.377060   8.495555      1
  7.873847  -4.452179   4.744863      1
  3.493390  -8.144722   0.013766      1
  5.016403   6.733263  10.914424      1
  8.273848  -5.408142  -3.665772      1
  9.782126   0.339630  -2.140442      1
 38.577153  -7.697546  57.358002      1
 24.137069  17.712218  31.305316      1
 46.427520  16.216984  38.581381      1
 47.510933   2.626815  38.313612      1
 46.280413  -5.212608  47.688818      1
  8.962458  10.133737   8.122221      1
 23.036878  18.013118  12.400843      1
 27.353498  21.685526  18.274219      1
 46.022762  28.818300  32.694071      1
 42.176693  35.200382  15.093434      1
 33.918500  23.770866   3.162524      1
 17.055984   3.023588 -10.465302      1
 13.093462  13.720129   7.241391      1
 28.784411  22.989346  29.852561      1
 23.735600  16.157396  -6.238483      1
-18.925263 -17.069246  -6.316954      1
-12.607705 -28.752063 -23.471782      1
 -9.026518 -26.474792  24.891090      1
-14.804234 -12.018208  13.793402      1
 12.259486  -5.163267 -11.553339      1
-19.576744 -41.651468  -6.486591      1
-27.991210 -16.221931   4.666897      1
 25.549398 -21.794455  63.649579      1
 43.366817 -27.402971  56.056890      1
 31.365364 -36.844740  49.071937      1
  9.564252 -15.604047  57.617346      1
 35.021140 -17.828280  64.094889      1
  5.291661 -18.959353  43.295904      1
 23.842774  -6.013960  40.520218      1
 14.626369 -10.532771  39.081009      1
 33.182110  -2.845110  44.901737      1
 34.401733 -25.250301  60.163633      1
 41.510506  -7.915297  52.542961      1
 23.746430 -33.453950  59.642164      1
  0.358308 -30.183270  48.997212      1
-22.338166 -22.496176 -14.206514      1
-29.755580 -29.718576   2.429171      1
  0.784589 -34.932913  19.276427      1
 16.787860 -37.410135  37.879734      1
 29.094951 -40.245322  29.186717      1
 40.449912 -43.791438  21.191310      1
 50.324024 -44.793666  14.177123      1
 72.889501 -28.605853  10.022736      1
 58.178947 -43.209847   8.848198      1
 74.819350 -22.448870   8.648040      1
 72.755040 -23.149769   1.002558      1
 72.435261 -26.992415  19.334197      1
 14.793671 -17.490833 -22.707415      1
  2.025167 -15.979577 -21.728258      1
 28.935638 -20.372581 -21.953302      1
 39.708292 -25.199638 -24.137219      1
 51.241722 -29.906421 -22.179368      1
 63.760132 -37.430467  -2.678210      1
 59.298107 -37.269111 -13.466686      1
 -8.713287 -13.931591  -5.426863      1
 -5.059054 -14.915737 -13.090398      1
 59.987780 -40.932703  15.967738      1