          x          y          z  Frame
  96.634852  -2.216215 -24.326608      1
  21.320061  -4.714491  22.526629      1
  22.670298  -2.818834  23.222899      1
  35.063184   2.848523  26.971441      1
  40.627198   8.036825  30.341394      1
  28.663579 -19.274965  36.437648      1
  71.130323  13.749229  41.017956      1
  58.871949  19.666993  28.420410      1
  68.405426  11.830363 -16.218504      1
 111.653600 -10.547997  -5.519855      1
 108.029156 -17.345650 -24.259531      1
 106.653500  -4.700596  20.634240      1
 104.824128   5.520747 -10.257911      1
  87.674082  20.074150   7.872685      1
  90.286707  -7.285310 -28.611955      1
  63.546102  -2.914024 -21.592573      1
  46.856853  14.433949  15.177435      1
 112.822402 -19.426938 -16.937283      1
 102.455099   2.988971 -18.645617      1
  76.911225  18.785403  -5.262044      1
  41.773785 -12.730039  39.658827      1
  25.948652 -16.725380  28.620271      1
  28.612908 -22.981969  38.265683      1
  43.060925 -22.814335  47.812940      1
  16.347933 -28.309178  36.564152      1
  22.026767 -28.829536  45.804622      1
  34.015034 -28.037479  52.425323      1
  42.235922 -35.527069  48.769660      1
  23.230074 -35.577613  36.513494      1
  31.185254 -26.005451  26.016753      1
  53.361279 -27.880497  40.555490      1
  40.056633 -32.567973  29.209849      1
  51.502317  -2.230671  42.620783      1
  80.113744  -2.596881  49.061915      1
  38.684854 -39.224220  35.863898      1
  73.060387  22.727136  18.960086      1
  46.335256  -2.454799 -14.440103      1
  60.256849  20.362763   5.738434      1
  97.530729  -2.278511  35.322063      1
  84.325757   4.426641 -20.285557      1
 111.196919  -8.472106   6.625770      1
  98.408547  12.322638  -2.532802      1
  78.033529  -5.131063 -23.792122      1
  89.323225  12.164033 -11.873269      1
  32.126345  -2.801219  -4.956486      1
  28.733939 -16.273377  24.623338      1
  27.375097  -5.687114   3.384043      1
  86.008114 -18.032558  48.835323      1
  64.967019 -24.546151  43.190978      1
  29.127837  -0.339585  24.809082      1
 110.573011  -2.437066  -8.649460      1
 100.118367   9.859653  16.577190      1
  52.684519   5.654828  40.007753      1
 102.160773 -12.288389 -28.526789      1
 106.555016  -7.378069 -28.529828      1
  88.171216  13.169700  30.475384      1
 106.578486   3.686212   3.633398      1
 113.362600 -18.162736  -6.466251      1
 107.507504 -19.494638  21.057907      1
  97.643730 -19.862067  37.358596      1
 112.562031 -18.850744   7.166733      1
  48.811692  -8.016748  42.888594      1
  64.007856 -12.903827  45.798877      1
  19.452966 -10.967650  23.388491      1
  21.367409  -8.232543  17.095610      1
  50.562474  15.448597  -7.993346      1
  39.624375   6.618583   8.062209      1
 113.217312 -11.304817 -18.152189      1
 114.582744 -14.599346 -23.610895      1
 112.143682  -5.336565 -19.748247      1
  40.147961 -12.345526  -3.274551      1
  35.905088 -18.342381  10.355342      1
  34.649213 -13.632006   2.576374      1
  31.737863 -14.685915   7.614201      1
  44.403455 -26.862622  14.665307      1
  56.599626 -27.567036  30.328297      1
  51.923830 -28.748526  21.731917      1
  81.297247 -25.158694  31.273441      1
  66.802438 -25.663715  30.220750      1
  61.315827 -29.225962  17.765299      1
  70.367745 -27.079150  14.164541      1
  50.992808 -26.332286   7.837174      1
  60.807562 -27.012634   3.844030      1
  44.369795 -21.250598   3.194323      1
  50.629395 -20.536055  -2.735361      1
  97.228441 -20.254958 -17.653320      1
  85.252926 -12.012609 -24.502158      1
 103.462356 -21.457366 -12.883544      1
  91.109538 -15.343930 -22.238397      1
 106.462671 -21.587981  -6.230087      1
  76.450248 -12.930181 -20.678255      1
 103.657314 -22.307513   0.342114      1
  94.048709 -22.824520  -6.701369      1
  87.511422 -21.116787 -12.461397      1
  81.266149 -17.361282 -17.121147      1
  63.900492 -12.815272 -17.616743      1
  78.502297 -23.679527  -7.657550      1
  86.389340 -25.235380   0.461111      1
  97.320366 -24.306053  12.406067      1
  71.013886 -20.017732 -12.689195      1
  89.397908 -24.781135  22.795529      1
  78.561572 -27.197418   8.503401      1
  69.829328 -25.657825  -2.425150      1
  61.205983 -21.084358  -8.280485      1
  51.864265 -12.790564 -11.045660      1
 112.973559 -37.659586  -7.348069      1
  31.827847 -35.706236  19.592257      1
  -0.606537 -33.437188  -4.701564      1
  15.011739 -10.740699   1.382907      1
  11.496234 -43.522873 -24.612169      1
 107.845635 -44.312639  15.677867      1
  74.840885 -36.946696 -43.724362      1
  20.099010  -8.727454  -0.632774      1
  94.109824 -51.814563   6.009042      1
  27.032116 -15.974583  13.507197      1
  59.020082 -52.299728  55.725607      1
  72.690610 -38.983725  62.299955      1
  54.901474 -35.479289  52.134297      1
  28.902282 -27.061520  19.143781      1
  53.426219 -56.159258  35.379898      1
  94.512881 -49.794015  44.901732      1
  22.468988 -46.482283  11.270187      1
 108.811753 -38.715265 -19.601580      1
  31.015177 -40.174221  18.154969      1
  47.091374 -46.450673  49.805328      1
  48.743492 -40.696955  48.767630      1
  45.016551 -49.098890  23.960854      1
  77.984654 -55.070823  31.404295      1
  50.376174 -50.594422  51.140877      1
  68.153470 -48.528288  60.992383      1
  62.356076 -32.397763  56.425901      1
  30.681104 -44.897479 -33.080700      1
 102.207401 -46.724077  31.201855      1
  84.788824 -52.524535  18.765576      1
  58.544299 -55.452627  -5.766716      1
 111.681209 -39.653917   4.036165      1
 101.433203 -48.461966  -5.795445      1
  47.915924 -43.053438 -39.120196      1
  93.996073 -42.649006 -28.481192      1
  86.722026 -54.043252 -25.211421      1
  63.792640 -38.602823 -42.506729      1
  29.943236 -18.234481  15.268443      1
  56.788911 -11.491660 -25.066868      1
  70.771899 -13.582714 -28.898475      1
  40.757364 -10.946150 -18.590392      1
  25.926921  -9.145621  -9.980231      1
  86.616796 -14.690427 -34.957406      1
  72.673234 -57.136965 -15.700514      1
  33.340699 -31.259296  21.862153      1
  44.453664 -40.270031  26.964298      1
 115.334386 -27.312261  -8.286394      1
  17.128694 -63.063003 -21.189934      1
 111.505846 -30.682883  19.465398      1
   4.295821 -46.297920   2.092750      1
 106.471171 -25.501680 -27.934915      1
 114.531039 -28.545902 -16.768683      1
  36.004329 -60.040059 -28.628298      1
 101.988474 -31.485362  35.912098      1
  71.891394 -51.024633 -41.520288      1
 115.074742 -27.662862   6.207295      1
  83.775180 -41.710547 -41.210733      1
  55.623906 -38.102325  35.685855      1
  52.830267 -55.865374 -34.247253      1
 100.069488 -17.313141 -34.137770      1
  65.713979 -29.865726  45.141012      1
  93.135352 -29.945074  55.780117      1
  20.293702 -11.025494   7.652246      1
  22.895915 -11.061137   8.164560      1
  34.010932 -18.168928  -3.263952      1
  36.072018 -23.228948   5.964201      1
  37.659143 -18.149969 -10.384797      1
  31.027596 -18.018763   2.363473      1
  45.187012 -32.045798  12.518502      1
  53.744880 -38.657928  19.320099      1
  59.482092 -37.676613  28.688142      1
  69.225257 -34.605081  29.802084      1
  81.621086 -32.038742  29.272378      1
  61.068734 -36.276114  15.361253      1
  70.592100 -35.375853  12.244579      1
  50.646130 -32.439649   5.588611      1
  58.248476 -33.441909  -0.065873      1
  43.309880 -27.361721   0.387015      1
  50.562425 -28.130268  -6.186701      1
  84.100785 -17.330794 -27.884258      1
 106.849108 -28.335137  -8.286949      1
  95.232419 -26.305604 -21.053019      1
 103.972862 -28.220925 -14.699269      1
  89.961946 -20.386143 -27.044469      1
  74.284401 -18.905036 -26.040129      1
 103.035080 -28.468086  -1.575550      1
  81.106626 -23.538577 -21.397421      1
  87.091587 -27.491593 -16.460444      1
  94.940248 -28.746466  -9.319372      1
  63.243047 -20.499765 -22.279201      1
  77.957517 -30.997397 -10.892584      1
  85.974372 -32.200837  -1.521995      1
  98.329828 -30.722307  10.871761      1
  71.102644 -26.085527 -17.019879      1
  91.280719 -31.600573  20.798140      1
  78.622393 -35.122866   7.155713      1
  68.155792 -33.677521  -4.422302      1
  60.577309 -28.538527 -11.797705      1
  48.540785 -20.995662 -17.065592      1
  51.153452 -51.412703  36.450361      1
  81.427168 -51.414666  52.456021      1
  85.276019 -35.298082  59.038472      1
  59.360967 -37.208708  45.256651      1
  70.962441 -56.335574  45.495633      1
  69.696115 -33.275762  51.586693      1
  83.267539 -55.640012  -3.834051      1
  93.434098 -51.695552 -14.533752      1
  72.077377 -56.581494   8.002318      1
 100.132653 -44.940031 -19.684101      1
  60.628575 -58.966008  20.133882      1
  43.247713 -58.665190   5.208335      1
  11.521314 -57.325130  -6.184008      1
  -1.170650 -41.239005 -14.082343      1
  21.363137 -24.186282 -17.759815      1
  53.681778 -25.306485 -29.771315      1
  38.449302 -26.621952 -23.412183      1
  66.314252 -25.774639 -34.571983      1
   3.461453 -20.251095  -3.104208      1
  81.183110 -24.893710 -40.221888      1
  94.624217 -29.682388 -38.744415      1
 102.393476 -33.672327 -30.192850      1
   9.560839 -21.397725  -9.808341      1
  36.868340 -56.874761  13.381699      1
 103.543579 -43.295674 -11.783521      1
  52.782229 -44.634314  38.018934      1
  64.069083  15.528435 -21.344899      1
 111.461444  -4.155442  26.228767      1
  89.419513  27.640287  11.531854      1
  58.163622   1.834746 -24.859020      1
  73.133244  26.246122  -7.883147      1
  74.404415  30.658307  22.331705      1
  42.394321   1.913133 -17.963317      1
  57.013121  28.032487   3.106601      1
 102.153336  -0.058530  40.312843      1
  79.277558   8.209306 -24.405768      1
 116.988941  -7.770064  10.903470      1
  99.914860  19.278327   0.942748      1
  73.151048  -1.818095 -27.227467      1
  87.041084  20.495259 -15.453316      1
 104.325247  13.086908  21.713213      1
  90.865202  17.105228  37.901952      1
 112.452029   7.093541   7.252963      1
  47.145882  19.194825 -13.288972      1
  93.570107   1.189267 -27.496575      1
 117.022549 -11.173307  -4.992845      1
 107.522524  11.718317  -9.309013      1
  87.689542  -4.465667 -32.582262      1
 102.605421   8.319353 -21.568525      1
 115.732783  -0.521609  -8.447921      1
 105.687415 -10.592321 -33.968183      1
 111.064438  -7.761824 -30.467692      1
 120.735020 -11.436568 -19.318412      1
 118.626880 -13.295669 -26.737937      1
 117.574571  -4.240164 -23.456622      1
 119.882230 -19.473297  -4.510356      1
 111.484611 -20.097309  26.172824      1
 101.963907 -19.897136  43.535669      1
 118.886118 -19.876969  12.432360      1
 116.022966 -39.405474  -7.281877      1
 111.743270 -46.944227  17.263409      1
  73.272000 -36.403238 -46.270390      1
  95.827540 -54.768672   6.214576      1
 111.892476 -40.913969 -20.472292      1
  26.304863 -45.779993 -36.739663      1
 106.387882 -49.704113  32.856198      1
  87.024145 -55.749948  19.492390      1
  59.973150 -59.528619  -6.524421      1
 115.151337 -41.967133   5.686477      1
 103.257101 -51.761343  -5.609795      1
  43.781626 -43.134812 -42.766403      1
  96.815803 -47.841978 -30.546410      1
  88.196231 -58.442880 -25.832345      1
  60.173458 -38.732397 -45.897760      1
  53.801631 -10.670082 -26.502424      1
  68.030411 -13.379017 -30.953552      1
  39.074334 -10.788150 -19.994290      1
  85.256901 -14.141216 -37.368179      1
  73.896245 -60.971118 -17.348319      1
 115.648602 -32.338242  21.211604      1
  33.273012 -63.153173 -31.831303      1
 107.572338 -33.213795  39.387962      1
  71.274620 -54.774668 -45.000975      1
 120.109185 -29.876588   7.712561      1
  83.528235 -44.880409 -44.883906      1
  50.954659 -58.907280 -36.701901      1
 111.199976 -27.267071 -30.545732      1
 102.884966 -18.316994 -38.149334      1
  30.107132 -36.272988  20.669623      1
  23.668209 -22.036971  41.373408      1
  37.339080 -14.866850  45.239449      1
  22.298354 -16.540650  29.588190      1
  25.075712 -16.020102  15.323937      1
  24.648488 -23.588508  41.073382      1
  41.057245 -24.450232  51.594539      1
  52.461131 -34.409448  51.392538      1
  27.846436 -28.196653  20.745344      1
  12.177757 -25.908412  35.354170      1
  20.146912 -26.741527  46.057565      1
  35.455951 -27.813804  54.762720      1
  45.892628 -36.272674  49.994773      1
  22.973242 -37.126219  35.242615      1
  27.719205 -28.952775  26.098158      1
  53.568508 -29.508547  42.015708      1
  41.426776 -36.877229  31.042306      1
  28.915336 -41.045159  19.484013      1
  44.867292 -46.529758  48.750544      1
  46.813900 -40.197087  48.545666      1
  42.552154 -49.566006  24.725973      1
  64.995127 -31.248146  56.562369      1
  38.901857 -42.072336  34.629027      1
  24.023665 -19.476372  26.492977      1
  27.867858 -17.142275  17.071998      1
  30.651360 -31.937442  23.242134      1
  42.187558 -41.156999  28.789238      1
  63.087705 -25.334843  48.950185      1
  53.520846 -38.259725  37.376860      1
  64.913308 -29.621205  48.257864      1
  46.923787 -11.247868  48.418180      1
  60.452067 -14.686852  51.254874      1
  17.328295 -10.831275  24.496078      1
  18.238772  -9.818513   8.990079      1
  17.452154  -8.027907  15.453559      1
  19.450905  -9.628331   9.099752      1
  12.686540  -9.267772   2.265506      1
  14.129805  -4.220890  21.802412      1
  17.675130  -7.010692  -1.406030      1
  17.596334  -3.206537   2.970845      1
  77.125652 -38.017673  62.914346      1
  54.503728  -1.699352  49.783337      1
  83.564890   1.334828  56.395288      1
  89.494404 -17.739674  58.435268      1
  95.184663 -28.589877  59.343992      1
  18.434077  -1.290338  20.245964      1
  37.619025   4.059947  26.396270      1
  39.269022  11.603449  34.773117      1
  72.914524  18.319324  46.959487      1
  57.619875  26.059276  32.388409      1
  45.023793  19.011016  15.623021      1
  26.647629  -0.061150  -6.773513      1
  26.874759  -0.867138  21.357283      1
  51.548947  11.210565  44.500602      1
  35.085268   9.401932   4.786274      1
  -5.569951 -34.632716  -6.750326      1
   6.994946 -44.446407 -28.199104      1
  34.845191 -58.664820  14.672222      1
  19.931691 -47.459300  13.097659      1
  22.613692  -7.580207 -11.356376      1
  13.834862 -66.777957 -24.012907      1
   1.192481 -47.438357   3.615031      1
  61.353098 -53.698387  57.052737      1
  97.685692 -53.284601  47.151814      1
  79.800841 -58.198221  31.358321      1
  48.415075 -51.410290  50.564450      1
  70.889726 -49.818832  62.259733      1
  48.830796 -51.493227  35.933740      1
  57.442472 -37.044650  43.476210      1
  50.333508 -43.711267  37.928792      1
  68.541504 -31.785995  51.743563      1
  83.953412 -54.469482  53.865815      1
  88.868055 -34.082359  61.498009      1
  72.643304 -58.314903  46.393649      1
  52.824825 -58.015866  34.993732      1
  -5.993980 -41.763436 -15.678273      1
   7.966839 -59.012314  -5.010396      1
  43.867721 -62.814051   4.269362      1
  61.940046 -62.026375  20.449386      1
  73.410509 -59.396483   7.798611      1
  84.508692 -58.901540  -4.501553      1
  95.154267 -54.660859 -14.952628      1
 118.504606 -29.112411 -17.863665      1
 102.486969 -48.690832 -20.996286      1
 119.395821 -19.588345 -17.435565      1
 115.666457 -19.632983 -27.477469      1
 120.328916 -28.933718  -5.019913      1
  34.718103 -25.746637 -26.455539      1
  16.868730 -23.543944 -21.127933      1
  50.870509 -24.797450 -32.195055      1
  63.223546 -25.395314 -36.548223      1
  80.408810 -24.759370 -42.087700      1
 104.459090 -36.419438 -31.793486      1
  95.771481 -32.208482 -41.707689      1
   0.680338 -19.144340  -4.412080      1
   5.927071 -20.428350 -11.688700      1
 106.044079 -46.797767 -12.634073      1