         x          y          z  Frame
 61.748800 -50.883797 -66.224953      1
-12.693174 -15.632288 -17.239801      1
 -9.184260 -12.047341 -17.424877      1
  5.581800  -5.913728 -13.149928      1
 15.719681  -6.302676  -6.263693      1
-11.397035 -30.717078  -0.139903      1
 47.741006 -16.958907   4.535077      1
 39.972224  -3.026304  -7.837984      1
 41.862848 -27.042826 -51.006700      1
 67.011365 -68.897709 -36.672978      1
 50.769043 -76.158230 -62.020035      1
 68.624201 -55.381315  -7.147875      1
 71.776478 -50.667570 -43.760610      1
 68.253593 -26.323040 -29.436045      1
 46.121975 -57.357728 -67.811315      1
 29.244175 -38.622960 -53.568814      1
 27.340877  -1.496124 -25.229309      1
 52.979379 -77.515805 -52.169388      1
 70.526091 -50.487972 -56.319012      1
 55.397547 -22.418605 -41.820140      1
  0.415077 -27.984513   2.367529      1
-17.825229 -26.935074 -11.289703      1
-11.694344 -31.977391   3.876512      1
  6.503278 -34.360589  14.943005      1
-22.497280 -28.756628   3.734357      1
-13.152944 -29.924293  16.396663      1
  2.039817 -33.797726  23.059786      1
  5.306872 -46.137339  17.989629      1
-16.379067 -38.172694   2.024955      1
-16.781938 -37.395506  -9.969845      1
  5.601455 -46.473973   6.819631      1
 -9.986496 -46.562063  -5.223551      1
 10.345039 -20.646988   3.856279      1
 38.909320 -34.576236  15.519687      1
 -5.272796 -50.501693   1.558957      1
 55.771683 -15.616232 -21.047815      1
 15.194855 -27.297803 -48.974782      1
 44.740459  -8.574405 -30.869874      1
 57.704828 -46.136837   2.561019      1
 53.348101 -39.584790 -61.095417      1
 70.924766 -64.732598 -22.080138      1
 69.105172 -42.313109 -36.332980      1
 38.297061 -46.892483 -60.962356      1
 61.802723 -41.146476 -47.382597      1
 -1.010709 -18.506284 -44.614290      1
-15.705910 -28.324190 -14.906008      1
 -8.624441 -19.627868 -36.486381      1
 32.136708 -46.297474   2.720787      1
 14.180322 -44.360103   4.842704      1
 -1.365078  -8.391342 -16.631138      1
 74.071406 -59.351337 -40.507145      1
 72.502336 -40.583193 -16.496950      1
 15.687594 -16.263683   2.456460      1
 50.635718 -69.522239 -67.527526      1
 64.119410 -64.866865 -66.605818      1
 61.337290 -31.436536  -6.429121      1
 74.858444 -51.273806 -29.142163      1
 55.314318 -76.394193 -38.684351      1
 46.993423 -69.249236  -9.501305      1
 40.754036 -57.351595   0.217926      1
 55.104582 -73.459450 -22.460467      1
  6.619979 -24.461819   4.754365      1
 20.162541 -34.546181   9.295139      1
-16.998837 -20.545868 -15.446318      1
-16.282912 -19.303013 -23.645907      1
 31.588843 -12.883982 -47.007951      1
 16.673030  -4.720408 -34.051324      1
 62.515612 -73.780727 -57.226000      1
 62.814173 -76.170465 -58.194862      1
 68.145594 -64.285784 -52.665042      1
  2.016500 -29.629357 -40.011934      1
 -8.530806 -30.878642 -25.074161      1
 -5.867533 -27.544875 -33.964391      1
-10.777397 -27.736577 -29.950930      1
 -6.411581 -41.326847 -19.658658      1
  6.369466 -44.999974  -4.018519      1
  0.454373 -45.252058 -12.058184      1
 25.492995 -52.249972  -3.099294      1
 14.663196 -45.494182  -3.665749      1
  7.806670 -46.938068 -15.104950      1
 16.153222 -50.420552 -18.629988      1
  2.555481 -40.991407 -25.074078      1
 10.876253 -47.365315 -28.183185      1
 -0.538383 -35.414917 -29.770273      1
  8.049254 -39.479700 -34.840033      1
 39.577267 -70.127865 -51.904274      1
 37.327251 -56.731630 -61.788644      1
 43.041454 -74.363631 -45.825994      1
 38.503315 -64.104052 -58.450244      1
 46.322244 -74.418326 -38.441249      1
 29.640837 -52.685996 -55.700418      1
 42.730882 -73.128686 -30.730755      1
 34.565953 -69.788715 -39.030473      1
 30.847161 -64.817187 -45.663888      1
 29.266405 -58.181824 -50.813028      1
 22.514468 -43.618934 -48.614753      1
 24.173515 -58.808534 -39.744506      1
 27.829205 -65.115993 -31.970745      1
 35.745920 -69.383294 -18.276099      1
 20.924888 -51.937942 -44.948816      1
 31.364038 -58.444977  -9.706426      1
 21.204627 -58.512507 -23.909764      1
 17.896314 -52.740088 -34.148893      1
 16.952064 -44.951943 -38.844116      1
 13.910708 -36.101772 -43.850635      1
 34.302665 -84.365804 -39.985434      1
-28.461696 -44.309759 -12.802500      1
-55.381079 -25.569327 -38.549860      1
-27.969356 -19.191280 -40.758318      1
-55.444844 -47.035802 -58.779199      1
 23.561025 -82.627521 -17.688289      1
  8.574537 -74.231679 -77.103382      1
-20.070828 -20.077498 -42.125767      1
  7.960047 -83.447850 -27.123002      1
-19.620837 -28.945300 -27.096386      1
 -1.499333 -69.188006  36.550745      1
 20.264193 -66.508253  34.261163      1
  8.227494 -56.812744  29.835361      1
-23.078254 -37.624868 -16.904195      1
-26.983602 -73.931969  10.360334      1
 12.924337 -83.311095  14.058136      1
-52.539378 -44.828199 -17.799408      1
 32.182216 -84.711573 -52.001881      1
-36.249008 -45.974596 -11.230032      1
 -4.048027 -61.267877  33.576892      1
  1.008234 -57.816939  30.409219      1
-28.480808 -64.061249  -4.020213      1
-11.471660 -78.342340   4.139666      1
 -6.678224 -65.708139  34.473222      1
  9.845675 -72.690286  37.906488      1
 15.444008 -56.579240  29.810012      1
-37.523987 -59.348374 -69.038917      1
 16.085220 -74.688271  -3.180032      1
 -3.014652 -77.432247 -11.798474      1
-32.181056 -85.943786 -41.663123      1
 30.037415 -83.924998 -28.462423      1
 17.190714 -87.289251 -37.591995      1
-20.595741 -66.710132 -72.976946      1
 18.011751 -82.157551 -61.373985      1
  3.684075 -91.412363 -56.304090      1
 -2.802665 -69.886838 -73.970760      1
-17.477621 -31.805822 -24.104861      1
 14.652062 -44.309491 -55.985842      1
 23.061994 -55.665810 -65.341659      1
  2.391574 -31.914846 -54.378589      1
-12.668982 -22.742172 -49.518137      1
 34.728865 -63.012407 -74.164262      1
-14.292424 -90.784105 -51.294400      1
-19.473516 -42.971202 -12.550393      1
-13.389360 -55.690190  -5.367272      1
 45.947323 -81.602673 -41.295210      1
-80.453585 -70.962155 -57.728639      1
 34.797175 -76.951750 -13.546922      1
-65.632863 -33.896210 -28.185229      1
 41.765816 -79.254276 -63.301893      1
 44.990959 -83.616433 -50.595199      1
-51.548589 -78.598234 -61.526985      1
 27.592308 -64.880749  -2.711240      1
 -6.020147 -83.821875 -74.679287      1
 42.595252 -79.855776 -25.851982      1
 10.082442 -79.340682 -72.536556      1
 -3.409994 -59.063707   5.491328      1
-31.457491 -84.855870 -71.670318      1
 42.242501 -72.978632 -71.917991      1
 10.067067 -54.399260  13.929171      1
 27.358341 -63.683509  15.480666      1
-22.330055 -22.102667 -34.014459      1
-19.635564 -23.320223 -33.064233      1
-11.736229 -31.960686 -40.218193      1
-14.232138 -36.934823 -29.421158      1
 -8.352115 -34.271073 -47.995425      1
-15.948783 -31.159524 -35.593128      1
-10.523998 -47.115530 -20.972480      1
 -6.659510 -56.910601 -12.260899      1
 -1.876111 -59.698208  -0.003093      1
  6.639022 -59.320218   0.566032      1
 17.134887 -60.287041  -0.946360      1
  1.706377 -55.203109 -16.653531      1
  9.360865 -59.857875 -18.927322      1
 -5.053417 -49.099228 -26.644314      1
  2.228172 -53.142868 -31.628105      1
 -9.356492 -41.498749 -34.341870      1
  0.212790 -46.013290 -39.765439      1
 31.226220 -62.474697 -63.778928      1
 36.730593 -81.132177 -41.098470      1
 32.469669 -73.621518 -55.357503      1
 36.322208 -79.799214 -48.206107      1
 32.883528 -68.444688 -61.883325      1
 21.706364 -58.880118 -62.883839      1
 33.012410 -79.012966 -33.592499      1
 24.052430 -65.172996 -56.576728      1
 22.898360 -70.748746 -49.972955      1
 27.032082 -76.100495 -41.825451      1
 14.514594 -51.348227 -56.340000      1
 15.199335 -65.862436 -43.317403      1
 20.069638 -72.077641 -33.995855      1
 27.519507 -78.393700 -19.124407      1
 16.261977 -58.041941 -50.611639      1
 24.999605 -67.600153 -10.274618      1
 14.174560 -66.163411 -24.353256      1
 10.811694 -60.328609 -35.241773      1
  8.845163 -51.550336 -44.626652      1
  5.404330 -41.559076 -49.797429      1
-19.001017 -68.977009  11.656168      1
  5.881404 -80.398771  25.234615      1
 22.841851 -66.906579  24.031137      1
  3.752550 -59.296265  17.031993      1
-13.019451 -79.508785  20.717008      1
 13.671770 -59.233780  20.405825      1
 -3.229309 -84.433011 -38.393750      1
  8.922924 -88.924781 -45.949938      1
-17.280072 -79.056492 -26.208058      1
 21.243958 -84.933674 -51.652021      1
-30.317441 -84.049645  -8.289148      1
-52.034087 -79.467859 -26.763915      1
-83.275384 -53.761523 -37.804392      1
-62.595401 -33.700967 -47.019347      1
-30.163460 -34.365198 -55.981177      1
 -0.610197 -52.449218 -62.701506      1
-16.307354 -44.223491 -59.808634      1
 11.564682 -63.496044 -68.751398      1
-44.927698 -19.158585 -42.988958      1
 22.136131 -67.783774 -78.118770      1
 27.659507 -78.024435 -73.462701      1
 31.373113 -81.075306 -63.776426      1
-40.400882 -24.992189 -49.562408      1
-52.537023 -68.610553 -15.665059      1
 23.722629 -84.665340 -44.152922      1
 -8.724200 -63.387768  11.542388      1
 42.592691 -24.329673 -56.850145      1
 73.803264 -54.996112  -0.048458      1
 73.657762 -22.693188 -26.805936      1
 30.087632 -30.895835 -61.889138      1
 59.030978 -11.215798 -45.267877      1
 63.918566 -10.497772 -17.836837      1
 14.885602 -18.966652 -56.633075      1
 49.149996   0.179528 -35.345451      1
 61.866115 -47.976394   7.883275      1
 51.008340 -36.744703 -65.105932      1
 76.863492 -63.482056 -19.091697      1
 76.276406 -35.701199 -31.511335      1
 39.609623 -39.530627 -68.266068      1
 64.189216 -33.525908 -50.057032      1
 79.088768 -38.999338 -12.926128      1
 67.363703 -27.638486   1.026512      1
 80.371058 -50.864230 -24.918017      1
 31.287524  -4.971752 -52.570965      1
 62.724078 -45.352561 -73.326787      1
 75.236385 -71.534112 -34.945406      1
 76.271208 -50.481046 -41.017392      1
 48.367661 -54.044989 -73.056568      1
 76.870107 -47.247515 -61.799275      1
 83.855894 -58.679480 -38.427560      1
 57.622547 -70.126963 -73.525800      1
 68.883721 -67.062609 -66.988584      1
 71.528185 -76.640251 -54.146712      1
 68.176632 -77.218953 -61.346706      1
 74.628374 -63.898151 -54.764248      1
 63.268349 -80.305918 -34.811652      1
 57.032581 -68.266910  -3.323938      1
 48.642362 -57.723993   6.849516      1
 63.471209 -76.372026 -14.110655      1
 35.885927 -86.597984 -39.567711      1
 25.844283 -86.082122 -15.585931      1
  8.007618 -73.746079 -79.902357      1
  6.610602 -86.347144 -26.073316      1
 33.259488 -87.243803 -52.435466      1
-41.108076 -57.481999 -73.415754      1
 17.418928 -77.792602  -0.688965      1
 -4.661824 -81.086567  -9.945528      1
-35.144594 -91.972860 -42.017535      1
 31.400360 -86.833589 -26.051326      1
 16.552925 -90.773900 -37.042989      1
-23.706576 -64.914179 -77.097422      1
 16.192213 -87.188314 -62.060565      1
  1.503107 -96.508000 -56.512149      1
 -5.552027 -68.310345 -77.802924      1
 12.687968 -42.285815 -58.641666      1
 20.894392 -55.480064 -67.394010      1
  1.519650 -31.346760 -55.994682      1
 33.749679 -62.544171 -78.555619      1
-17.306523 -95.663292 -52.387380      1
 35.231658 -79.039684 -11.788381      1
-57.343312 -80.013615 -64.120655      1
 28.542770 -68.060476  -0.513610      1
 -9.622321 -87.498850 -78.295429      1
 44.087841 -82.558446 -24.841839      1
  7.501263 -81.652833 -75.655465      1
-35.915257 -87.499981 -73.986965      1
 44.049618 -82.849991 -65.674188      1
 43.103020 -76.042647 -75.806908      1
-29.287007 -43.580647 -11.227529      1
-14.219853 -28.046991   7.951028      1
 -0.173842 -26.460113  10.087895      1
-20.203862 -24.628449  -8.346236      1
-20.784909 -27.672685 -25.123455      1
-13.540832 -29.489255   8.326159      1
  7.109481 -33.984929  20.220648      1
  7.675663 -54.731930  29.140934      1
-23.480867 -37.662862 -14.837890      1
-26.134125 -24.906015   1.909366      1
-14.968054 -27.662915  16.328175      1
  4.927980 -33.547717  25.692901      1
  7.308152 -48.567810  19.629804      1
-18.208178 -39.623071   1.291954      1
-19.018149 -37.331141  -9.343198      1
  6.972122 -47.519194   8.929495      1
 -8.476780 -50.365667  -2.358297      1
-37.248220 -45.196023  -9.166574      1
 -5.858260 -60.311610  32.601989      1
  0.693547 -56.248294  30.314589      1
-30.470542 -62.820202  -2.320801      1
 17.106056 -56.275901  28.120110      1
 -7.497250 -53.435570   1.235111      1
-19.672886 -27.736310 -11.595011      1
-18.336648 -29.653664 -22.553804      1
-20.691204 -41.824463 -10.935887      1
-13.086831 -55.018005  -3.057212      1
 16.429152 -44.574498  12.833041      1
 -3.364894 -58.045776   7.953242      1
 11.966029 -53.854547  17.516210      1
  7.068279 -25.011793  12.303518      1
 18.174591 -33.820970  16.391434      1
-21.083922 -18.916953 -15.807601      1
-22.900657 -19.862253 -32.866256      1
-21.186169 -17.237271 -25.942000      1
-21.317305 -20.341808 -32.585711      1
-28.816332 -16.580930 -40.360223      1
-18.790158 -11.706849 -19.516894      1
-21.093517 -17.375351 -43.506492      1
-15.473503 -13.288999 -38.662334      1
 22.612045 -66.988613  32.890338      1
 14.738648 -22.255713  13.765532      1
 45.123847 -32.992563  23.451568      1
 34.941820 -48.949046  13.086471      1
 30.800354 -62.935281  17.788751      1
-10.567854 -10.049158 -22.069484      1
  8.493118   2.366362 -13.816542      1
 14.987166  -1.853290  -2.964869      1
 52.600517 -15.226712  10.493171      1
 44.310755   5.288099  -3.883503      1
 28.224555   8.322347 -25.885697      1
 -3.003116 -11.919922 -46.324445      1
 -4.355845  -2.344123 -20.267645      1
 21.565641  -8.480448   7.306684      1
 12.717571   3.810904 -37.448637      1
-60.618461 -23.815766 -40.645693      1
-59.404362 -45.555114 -62.851950      1
-55.816555 -68.776840 -13.359180      1
-54.696725 -43.672650 -15.033946      1
-14.394168 -20.256034 -51.760733      1
-88.442014 -73.129367 -60.543640      1
-70.087944 -31.920069 -25.987919      1
 -1.497831 -71.275457  37.607704      1
 12.241720 -87.012454  17.039172      1
-13.487082 -81.694989   4.431573      1
 -9.092312 -65.555556  34.384751      1
 11.007483 -74.875894  39.078586      1
-20.401976 -67.772304  11.686181      1
  2.262919 -58.435154  15.277637      1
 -9.020305 -61.114202  11.663989      1
 14.362237 -57.494065  21.005702      1
  5.928665 -83.671207  27.559741      1
 26.901660 -66.749963  24.717571      1
-14.220035 -81.441277  21.962993      1
-30.247734 -75.385227  10.189984      1
-67.348423 -31.529635 -48.720753      1
-88.550486 -52.136941 -36.118674      1
-57.435801 -85.199525 -27.773910      1
-32.445312 -88.421002  -7.166316      1
-19.385317 -82.494439 -25.655297      1
 -4.344886 -88.344952 -38.618720      1
  8.583993 -92.356565 -45.913650      1
 47.510493 -86.472722 -51.521777      1
 20.504982 -88.670176 -52.250593      1
 59.284769 -81.933280 -53.247234      1
 57.291143 -82.857026 -62.572391      1
 47.955321 -83.690855 -37.475085      1
-19.063550 -40.743639 -65.501914      1
-33.420098 -30.941000 -60.291186      1
 -2.232346 -49.605758 -67.505369      1
 10.419480 -61.021626 -71.687802      1
 22.391265 -67.291640 -80.531355      1
 30.972859 -83.714231 -64.697919      1
 26.701977 -80.205711 -75.797309      1
-46.394500 -16.785777 -44.788724      1
-42.481501 -22.246118 -52.028129      1
 23.058451 -88.075739 -44.387314      1