         x          y          z  Frame
 70.446620  -0.109325 -41.591100      1
 27.283322  22.894418  -6.785607      1
 28.313661  25.096844  -6.599020      1
 38.243341  33.138648  -4.144590      1
 45.688515  33.162280  -0.991532      1
 33.497243  11.790199  -0.559444      1
 59.524852  22.652472  -1.423410      1
 55.173226  28.731802  -5.369862      1
 58.772862  15.803627 -32.981476      1
 78.438307  -6.726070 -27.878885      1
 71.597640 -12.271431 -41.770609      1
 73.389266   0.745356 -11.960208      1
 78.251043   4.014057 -31.758227      1
 70.309413  17.027450 -20.291435      1
 64.465039  -4.330588 -44.441013      1
 52.659807   6.885813 -34.695442      1
 47.752582  30.530688 -12.583697      1
 72.983487 -13.337571 -36.551312      1
 75.999828   2.716654 -37.473665      1
 64.946357  18.080840 -27.517622      1
 41.507878  14.297995  -0.761887      1
 28.078242  12.600586  -6.198639      1
 31.932326  12.159833   3.266006      1
 41.086827  13.001345  11.696261      1
 21.380589  14.932222   7.317579      1
 28.451348  15.649770  14.241405      1
 36.754513  14.497896  18.942115      1
 37.648837   5.365567  16.895217      1
 24.414204   7.617121   8.226339      1
 26.980222   5.075118  -4.782163      1
 41.383804   3.386563   4.923637      1
 30.825752   0.467280  -1.228599      1
 45.791818  21.752721   0.202631      1
 58.973051  12.650349   0.336573      1
 31.011328  -0.807059   6.717634      1
 62.739890  23.696362 -12.791458      1
 42.234006  13.538230 -30.026060      1
 55.676598  24.955986 -19.159823      1
 67.148039   6.965946  -5.161425      1
 65.805837   7.082065 -37.691837      1
 77.660825  -4.509680 -19.500864      1
 74.783073   9.761623 -27.098605      1
 59.184684   1.680480 -39.687075      1
 70.132672  10.426345 -32.182579      1
 34.035861  17.204410 -27.305155      1
 28.101910  11.235315  -8.038928      1
 29.828950  16.683369 -22.548451      1
 57.954490   4.190394   1.833762      1
 47.850566   4.077914   4.098687      1
 32.832299  30.071252  -5.507586      1
 81.070684  -1.557800 -30.044132      1
 73.782766  10.002502 -14.893306      1
 49.154301  25.747144   1.497762      1
 69.827651  -9.635588 -44.721390      1
 72.527964  -6.946144 -42.577438      1
 66.666703  16.853813  -7.230986      1
 78.745730   3.259311 -23.211470      1
 73.831055 -11.940624 -29.428982      1
 68.755722  -7.213187 -11.547595      1
 62.698883  -1.444840  -2.861588      1
 73.190695 -10.686087 -20.590895      1
 45.581196  17.891524   1.409677      1
 50.567675  11.117603   3.562452      1
 25.884824  17.423016  -7.260488      1
 26.049483  17.276720 -13.197147      1
 50.317717  24.219092 -26.453204      1
 41.127181  28.396196 -17.725975      1
 77.323706  -9.470974 -36.572363      1
 75.614809 -12.012985 -39.712333      1
 79.742198  -5.382108 -37.357325      1
 36.364251  11.722115 -24.850846      1
 31.442529   8.383869 -17.105760      1
 32.488664  11.554504 -21.981169      1
 29.751807  10.243786 -19.834051      1
 34.167381   2.189966 -13.332690      1
 41.857690   2.564750  -1.986933      1
 38.328530   0.767525  -8.239819      1
 54.578180  -0.713072  -4.774456      1
 47.817156   2.524334  -4.239381      1
 43.953675   0.396940 -10.852809      1
 49.274133  -1.444607 -13.972260      1
 39.418117   3.390765 -17.444298      1
 44.655870   0.040473 -20.057304      1
 36.572128   6.139927 -20.912495      1
 41.315185   5.519991 -23.858974      1
 65.872508 -10.023297 -36.183884      1
 61.476618  -3.958447 -41.004991      1
 67.731262 -12.671943 -33.310234      1
 65.172246  -5.647075 -39.084544      1
 69.195213 -12.716359 -28.991434      1
 57.645072  -0.351662 -36.658939      1
 67.099639 -11.545081 -24.413326      1
 62.414663 -10.856189 -28.263458      1
 60.320180  -7.692972 -31.736846      1
 58.857740  -3.657096 -34.336772      1
 51.275258   3.564306 -32.448427      1
 55.388787  -5.316453 -27.890733      1
 57.825230  -8.696719 -23.318185      1
 62.868610  -9.535950 -15.763737      1
 53.100231  -0.722718 -30.285781      1
 58.450135  -4.846882  -9.614163      1
 53.204136  -5.924587 -17.810884      1
 49.914128  -2.939710 -24.345489      1
 47.327844   1.991634 -26.741841      1
 44.070971   8.426516 -28.231401      1
 66.164320 -24.844771 -30.725134      1
 23.184039  -4.432778  -9.653698      1
  6.594375  -0.581377 -32.859622      1
 19.604296  12.612010 -27.783072      1
  7.762877  -6.324738 -41.412503      1
 60.882934 -23.011833 -14.521737      1
 44.968839 -21.138530 -60.757590      1
 23.525291  14.323211 -27.564809      1
 49.603573 -26.849521 -20.982616      1
 25.268527   8.326679 -17.091663      1
 40.880384 -14.347994  21.656977      1
 53.409503  -5.597277  18.580964      1
 45.752371  -1.983974  11.502995      1
 23.981487   2.350363 -10.421169      1
 23.275045 -19.534709  12.610965      1
 52.234818 -18.529928   4.621091      1
 12.024103 -13.402850 -18.848122      1
 64.477588 -25.807830 -39.825056      1
 19.617562  -8.937616 -11.520495      1
 34.856690  -5.995141  17.877709      1
 39.496021  -3.242397  11.520076      1
 24.205948 -14.839603  -2.951329      1
 39.911571 -23.834374  -1.283166      1
 33.895224  -9.978199  22.294374      1
 47.855242 -10.065090  23.752910      1
 50.129832  -1.566194  12.988453      1
 16.485953 -10.816743 -45.605865      1
 56.783639 -20.314992  -3.328185      1
 44.623171 -25.431720 -10.457046      1
 27.375044 -25.994688 -29.118965      1
 64.164937 -23.762592 -22.795534      1
 56.216992 -28.553112 -29.097994      1
 26.828547 -14.254186 -51.832087      1
 54.745645 -25.499257 -46.489871      1
 46.516449 -27.507735 -41.579703      1
 36.841615 -16.973402 -58.152308      1
 26.724834   7.302926 -14.853367      1
 44.875343   2.669370 -39.179501      1
 52.196450  -2.472573 -44.740778      1
 35.319630   9.645859 -37.041340      1
 26.702827  13.759873 -32.953624      1
 59.586542 -10.597945 -51.447058      1
 36.330321 -26.848723 -35.653267      1
 25.972007   0.253014  -6.962896      1
 29.866497  -6.439354  -1.225143      1
 71.093326 -19.064435 -31.211590      1
  2.952892 -24.519513 -37.973100      1
 66.917202 -16.216707 -11.707036      1
  4.935067 -10.104482 -26.606506      1
 68.865006 -18.409604 -46.140940      1
 70.628475 -20.461114 -37.083459      1
 14.236466 -24.024960 -41.531616      1
 61.579174 -10.935098  -2.253044      1
 38.134589 -22.875316 -52.668273      1
 69.548013 -17.624336 -21.542403      1
 48.385070 -26.621234 -59.559336      1
 36.610107  -5.388672   4.607875      1
 26.239682 -23.549162 -46.702279      1
 67.396359 -15.562678 -52.364209      1
 46.349440  -0.355747   8.489656      1
 56.709289  -5.150337   8.589513      1
 22.861464  12.571149 -21.876232      1
 24.506872  12.435500 -21.094879      1
 29.341299   6.617491 -27.393661      1
 29.029402   3.137138 -20.649220      1
 31.735703   5.703736 -31.275096      1
 27.371566   6.846411 -24.047611      1
 32.203348  -2.749203 -14.411154      1
 35.235458  -7.914131  -8.213082      1
 38.668596  -6.709735  -0.683988      1
 44.601654  -6.526721  -1.120962      1
 51.753546  -8.404894  -3.682410      1
 40.770939  -7.076880 -12.256255      1
 46.009560  -8.952203 -14.649420      1
 35.938049  -3.306663 -19.020086      1
 40.094057  -6.272614 -22.999627      1
 32.458542   0.078576 -23.873988      1
 37.289488  -1.554076 -27.175941      1
 58.979847  -8.178420 -44.546765      1
 65.828042 -19.126301 -30.592345      1
 62.840932 -14.693647 -39.476562      1
 65.011656 -18.723880 -35.228787      1
 61.896656 -10.230495 -43.421445      1
 53.582077  -5.123771 -42.134566      1
 63.083217 -19.230533 -25.683001      1
 55.845749  -9.618523 -39.430821      1
 56.675334 -14.943632 -35.643005      1
 59.632167 -16.915632 -30.403494      1
 47.380898  -1.556081 -38.050492      1
 51.249642 -13.099708 -31.165635      1
 54.274891 -15.741298 -24.821882      1
 60.179295 -16.705554 -16.663310      1
 50.132939  -7.038471 -35.116821      1
 56.470621 -12.721836  -9.657879      1
 49.583593 -13.850407 -19.183284      1
 45.051347 -10.928779 -26.387578      1
 43.243159  -4.700936 -31.091831      1
 38.723836   2.272511 -34.299082      1
 27.297101 -14.044992  10.567909      1
 47.073439 -16.519439  15.701223      1
 54.756912  -6.160733  14.067692      1
 41.831752  -4.246990   9.730342      1
 36.828891 -24.477717  15.282103      1
 48.634387  -2.575183  11.852607      1
 43.062291 -27.191965 -28.219657      1
 50.311835 -28.486562 -34.805526      1
 34.981552 -26.499123 -19.442915      1
 57.235563 -27.068699 -39.443678      1
 28.737291 -25.685582  -8.380543      1
 18.752202 -26.837612 -21.171472      1
  3.539536 -19.361561 -29.436468      1
  4.640182  -3.963691 -36.793815      1
 18.221458   4.944895 -40.488501      1
 38.009468  -4.286569 -46.595003      1
 27.555057   0.393835 -42.758790      1
 45.333905 -10.020361 -50.287967      1
 10.345975   7.131952 -33.260072      1
 53.422193 -16.930188 -58.824832      1
 60.581661 -24.391884 -60.041439      1
 63.354948 -23.583996 -49.179733      1
 12.812881   6.280082 -36.862293      1
 15.278393 -23.219563 -12.785053      1
 59.183008 -26.295333 -33.483929      1
 33.480067  -8.593846   8.626309      1
 57.929466  21.526004 -38.137797      1
 78.612019   0.475132  -6.536174      1
 75.201866  22.170921 -18.572386      1
 49.983156  11.115537 -38.582508      1
 66.963940  26.364392 -31.397122      1
 66.902173  27.529982 -10.546465      1
 40.014757  16.959169 -34.667011      1
 56.544606  34.080953 -21.047257      1
 71.392574   7.480351   0.625700      1
 64.057877  11.268821 -42.017028      1
 82.518759  -4.720357 -15.708895      1
 78.535462  14.918047 -24.724545      1
 56.781823   4.589643 -42.011643      1
 72.195130  18.368042 -35.264850      1
 78.359376  12.404098 -10.570282      1
 72.482948  20.847842  -4.199340      1
 84.267418   4.881856 -20.005212      1
 49.397511  29.274566 -31.890434      1
 69.579980   2.488578 -44.741688      1
 84.192801  -8.341095 -26.763855      1
 81.713358   7.782586 -31.061415      1
 63.287841  -3.341529 -46.639110      1
 77.657407   6.406410 -39.921774      1
 86.068962  -0.790200 -29.957538      1
 70.219731 -10.708372 -47.184231      1
 74.664635  -8.571599 -43.612916      1
 81.893612 -11.033886 -36.502645      1
 77.815739 -12.925890 -41.274222      1
 84.630684  -5.894287 -39.521231      1
 78.002262 -13.976566 -27.604636      1
 71.796764  -8.117139  -6.243840      1
 66.533338  -2.092497   0.857118      1
 77.096593 -12.091924 -16.107258      1
 67.350814 -26.777754 -30.574729      1
 62.432048 -25.566226 -13.166771      1
 44.157950 -20.969447 -62.935395      1
 49.609399 -29.714014 -20.574566      1
 65.446357 -28.148299 -40.455513      1
 13.603679 -10.629617 -48.371640      1
 58.740694 -23.192516  -2.418764      1
 44.703730 -28.609001  -9.734746      1
 26.469886 -29.854068 -29.710513      1
 65.517432 -26.201758 -21.618134      1
 56.007034 -31.310190 -28.965739      1
 24.492372 -13.667288 -53.980598      1
 54.620261 -29.502944 -47.878711      1
 45.755670 -30.697498 -42.149606      1
 34.616129 -16.929163 -60.521535      1
 42.856629   3.776859 -41.164965      1
 50.489651  -2.125407 -46.565084      1
 34.336957   9.992389 -38.746256      1
 58.714699 -10.637457 -53.941779      1
 35.607491 -30.036804 -36.566963      1
 68.777567 -18.284142 -10.486532      1
 11.412267 -25.974422 -43.293787      1
 63.716386 -12.964266  -0.133250      1
 36.645424 -24.760004 -54.656128      1
 71.317911 -20.055754 -20.265466      1
 47.028546 -28.773149 -62.460529      1
 24.037482 -25.733830 -48.290692      1
 70.839301 -21.423693 -48.421000      1
 68.852498 -18.764175 -56.898734      1
 22.469781  -4.087423  -8.514464      1
 30.324906  15.486080   6.298481      1
 39.910296  17.207486   5.955637      1
 25.513866  14.885207  -3.318101      1
 24.489340   9.391530 -15.420254      1
 30.420419  14.586550   6.674205      1
 40.731590  14.071777  16.048813      1
 45.278872  -0.945669  10.834504      1
 23.585548   2.538970  -8.627786      1
 18.987124  17.371234   6.352982      1
 28.216228  17.122849  13.480070      1
 38.168583  15.158206  20.959858      1
 39.218929   4.049709  17.568685      1
 23.356694   6.135420   7.634219      1
 25.045451   5.162304  -3.175876      1
 41.737335   3.102961   6.912921      1
 31.189132  -1.780560   1.597583      1
 18.672003  -8.632942  -9.950472      1
 33.640673  -5.733818  17.046250      1
 39.129888  -2.420297  11.246816      1
 22.958461 -14.675064  -2.282458      1
 50.998900  -1.045645  13.019271      1
 29.924792  -3.155463   6.533151      1
 24.694637  12.333126  -4.632266      1
 26.205110   8.903420 -13.577595      1
 24.836676   1.301763  -5.018555      1
 29.386081  -5.536408   1.161959      1
 48.462738   5.446545  10.007875      1
 36.605127  -4.768108   5.784403      1
 47.322463   0.560860  10.342348      1
 44.379461  18.742638   7.710920      1
 49.448698  12.557525   8.912375      1
 23.832683  17.992916  -7.655229      1
 22.291962  14.249203 -20.741079      1
 23.076158  17.364573 -15.036961      1
 23.137868  14.460656 -20.316187      1
 18.805012  14.001708 -27.308946      1
 23.566515  23.817728  -8.735379      1
 22.612602  15.694062 -28.472719      1
 25.112690  20.244427 -23.389584      1
 54.870566  -5.705240  17.978791      1
 48.551304  21.362942   2.914911      1
 62.012233  15.367773   4.807976      1
 60.263017   4.518486   6.831077      1
 58.686689  -4.176922  10.357543      1
 27.768669  26.371410  -8.791755      1
 40.756895  32.855384  -2.636560      1
 45.425801  35.428707   1.558019      1
 61.660178  25.419895   3.284296      1
 57.859768  33.228028  -2.889093      1
 48.144543  32.874508 -11.698472      1
 31.685623  20.854648 -29.479830      1
 31.239429  31.449710  -7.622637      1
 50.999606  30.076342   3.901620      1
 39.519685  31.207913 -19.980213      1
  3.808615  -0.495186 -34.455778      1
  4.620270  -5.996951 -44.243042      1
 13.488480 -24.102530 -11.169801      1
 10.585972 -13.597350 -17.153911      1
 24.609956  15.184165 -34.902684      1
 -0.522579 -27.066616 -39.683510      1
  2.848730 -10.764649 -25.871980      1
 41.857331 -16.167539  22.550050      1
 53.040666 -21.144674   6.461288      1
 39.656843 -26.976975  -1.067463      1
 32.107232 -10.280869  22.700603      1
 49.015874 -11.106552  24.436692      1
 26.245782 -13.642773  10.250186      1
 40.776094  -4.000353   8.660882      1
 33.175015  -7.512615   8.009672      1
 49.121520  -1.522312  11.585225      1
 47.992199 -18.730019  17.223692      1
 57.142049  -5.617792  14.448070      1
 36.935041 -26.693973  16.118635      1
 21.679396 -21.233694  13.160581      1
  1.951459  -3.750893 -38.342567      1
  1.253866 -20.278766 -28.847644      1
 17.034333 -31.116866 -21.412915      1
 28.385625 -28.626819  -8.076094      1
 34.573180 -29.070568 -19.402722      1
 42.566453 -30.068740 -28.698780      1
 50.539537 -31.071996 -35.197671      1
 72.629737 -21.983149 -37.892742      1
 57.272162 -30.361307 -40.453429      1
 76.213938 -15.076468 -36.229691      1
 73.777589 -15.948624 -43.044170      1
 72.770403 -21.100046 -28.940086      1
 25.016494   1.981863 -45.826566      1
 15.573463   6.298854 -43.826029      1
 36.187941  -3.345276 -49.219913      1
 43.776019  -8.894275 -51.995833      1
 52.949529 -17.208653 -60.592479      1
 63.575564 -26.265855 -50.774417      1
 60.148924 -27.183888 -63.166767      1
  8.976839   8.302031 -34.695061      1
 10.909635   7.666620 -38.707483      1
 59.445190 -29.525809 -34.045756      1