         x          y          z  Frame
 78.212515   2.160050 -46.587916      1
 23.454730  28.607992  -7.427293      1
 25.045993  30.823149  -7.635492      1
 35.485310  38.304438  -5.927837      1
 44.328034  38.262406  -1.757789      1
 29.278852  15.129117   4.370921      1
 62.275895  30.380332   4.397745      1
 57.990641  37.461561  -5.020810      1
 63.710479  20.418507 -36.554662      1
 84.613667  -3.480146 -30.235889      1
 78.049221 -11.769499 -48.056808      1
 78.597463   4.625854  -9.727055      1
 84.540347   8.540123 -34.712565      1
 75.335126  24.392265 -21.031580      1
 71.454090  -4.030206 -48.978144      1
 55.875640  11.159213 -38.521249      1
 49.646057  40.141453 -13.607277      1
 78.101873 -10.141510 -41.453971      1
 82.525448   6.235451 -41.813488      1
 69.385720  25.225983 -30.324097      1
 37.150447  17.685797   6.357693      1
 22.747271  16.707824  -2.728822      1
 29.990675  14.377950   5.670729      1
 40.119451  14.705028  14.862865      1
 24.791031  14.601112   2.717254      1
 31.504586  16.254743  10.843358      1
 38.146911  15.845050  17.492059      1
 39.177690   7.156877  15.491142      1
 27.230214   8.807497   4.808482      1
 22.780267   6.867389  -4.011241      1
 40.150329   4.959191   9.205207      1
 28.584468   2.273606  -0.450324      1
 43.042626  24.198345   5.632130      1
 60.739334  15.755337  10.019907      1
 30.926100   1.405406   5.819895      1
 67.775836  32.295896 -13.066390      1
 42.992028  18.414201 -33.226086      1
 59.701987  33.977785 -21.883535      1
 71.817157  10.215996  -0.282603      1
 71.174794  11.485974 -43.102841      1
 83.800102  -0.732827 -20.565251      1
 81.427074  15.077787 -28.995919      1
 64.546012   4.041295 -43.744139      1
 76.724200  15.959269 -36.297418      1
 30.653522  22.881671 -29.363433      1
 22.862730  14.687803  -5.594767      1
 25.157871  21.869812 -23.345654      1
 59.347470   4.239412   8.938321      1
 47.441932   4.209266  10.101411      1
 30.377842  35.292565  -7.323728      1
 87.327641   2.108353 -32.623301      1
 80.165486  15.525227 -14.524334      1
 47.204247  28.909152   5.231639      1
 76.864887  -9.987605 -51.457288      1
 82.946022  -5.871716 -50.790900      1
 72.593875  23.046664  -4.488053      1
 85.123022   8.502090 -23.688795      1
 78.479809  -8.816851 -32.112733      1
 71.563583  -6.297986  -9.485513      1
 65.606529  -1.348411   1.231418      1
 77.514183  -9.016218 -20.796158      1
 42.693995  20.521148   7.404644      1
 49.601745  12.795577  11.638476      1
 21.202948  22.225636  -6.050074      1
 20.621505  21.292752 -12.343622      1
 52.658308  30.195763 -29.806186      1
 40.813138  35.483855 -19.505020      1
 83.931635  -6.899604 -40.588478      1
 84.090217  -9.947676 -46.813392      1
 87.151873  -2.444175 -42.561286      1
 35.007049  15.886663 -25.928970      1
 26.918432  10.926773 -16.662381      1
 29.103765  15.552940 -22.425066      1
 24.869860  13.626866 -19.158799      1
 30.682317   4.409697 -12.268946      1
 40.348580   2.798888   0.599640      1
 35.756522   1.827810  -6.354092      1
 55.124833  -1.995875  -1.232909      1
 46.980707   1.741182  -0.547287      1
 42.354161  -0.481715  -9.869171      1
 48.720866  -2.017049 -13.060530      1
 36.977268   4.216754 -17.451510      1
 43.618893   1.151872 -20.329150      1
 33.914891   8.975210 -20.950596      1
 39.707501   8.016492 -24.907362      1
 69.704025  -7.247351 -40.709687      1
 65.893335  -2.220941 -45.147094      1
 72.159627  -8.821724 -37.191429      1
 68.386479  -4.623995 -43.660286      1
 73.073606  -9.744001 -31.820140      1
 60.597667   2.477746 -40.210603      1
 70.741135  -9.562495 -26.087807      1
 65.725733  -7.139461 -31.216585      1
 62.985089  -4.428679 -35.015181      1
 61.418515  -0.829636 -37.895692      1
 52.573526   7.374590 -35.567916      1
 56.438134  -2.506990 -29.939587      1
 59.660639  -6.267782 -24.524219      1
 65.633675  -8.482410 -16.014554      1
 53.805852   1.504377 -32.954563      1
 60.337422  -5.275505  -7.674717      1
 53.724658  -4.935859 -17.839630      1
 50.063748  -0.900153 -25.262923      1
 47.214125   4.517434 -28.635720      1
 43.912175  12.084261 -30.753285      1
 69.542967 -23.986048 -33.846717      1
 16.152522  -4.141512  -7.864697      1
 -6.119291   0.917732 -29.313217      1
 11.758998  14.331833 -26.817543      1
 -0.927580  -6.878212 -43.132116      1
 62.701472 -25.611043 -14.294222      1
 47.128776 -19.968209 -63.610170      1
 17.270697  17.650425 -27.825915      1
 50.252695 -29.385792 -21.742413      1
 17.871280   9.680545 -15.634691      1
 38.917143  -8.687279  28.375015      1
 53.207713  -1.035834  24.563416      1
 44.161588   4.913433  19.653337      1
 17.480320   3.028132  -9.390625      1
 19.791638 -20.905363  11.298273      1
 52.074408 -20.243231   8.329218      1
  2.937973 -12.742161 -15.849613      1
 68.847266 -25.367844 -44.166343      1
 12.007548  -8.720659  -8.970931      1
 32.479160   0.080153  24.002403      1
 36.930211   4.052671  19.399035      1
 19.679889 -14.685531  -2.541470      1
 38.318480 -25.627842   1.484256      1
 31.014695  -4.957623  27.257760      1
 47.714821  -6.782880  28.305911      1
 49.511899   5.054665  20.830890      1
 11.816298 -12.405610 -49.753354      1
 58.244567 -23.953887  -1.998784      1
 43.771268 -27.617566  -9.200135      1
 23.189919 -27.307058 -30.663709      1
 67.250217 -25.145493 -24.341503      1
 58.175076 -29.685983 -31.534123      1
 25.644116 -15.104115 -53.922368      1
 57.464117 -26.429794 -50.963946      1
 47.549756 -30.162835 -46.168392      1
 38.135734 -15.966314 -60.667250      1
 20.251627   9.120323 -13.724624      1
 47.006918   7.116646 -43.450694      1
 56.340834   0.012236 -48.584338      1
 34.809683  14.758139 -39.841100      1
 22.813734  19.037008 -35.265547      1
 65.074314 -10.191245 -54.916547      1
 34.490094 -29.878427 -38.381209      1
 21.453159   1.599330  -6.532120      1
 27.289792  -5.632346  -1.325723      1
 74.330850 -15.597546 -34.760144      1
 -6.953004 -23.581902 -39.849516      1
 69.558859 -15.292055 -11.310513      1
 -8.676347  -7.479996 -20.702469      1
 75.001472 -17.570573 -52.226910      1
 75.104190 -16.420425 -41.892505      1
  8.182689 -25.417859 -47.077195      1
 62.774986 -11.314506  -0.318937      1
 38.943748 -25.827838 -58.006045      1
 72.984838 -16.115396 -22.794371      1
 50.766884 -25.825115 -61.973219      1
 35.077091  -4.523853   5.970821      1
 24.222295 -25.305809 -52.253799      1
 72.920778 -16.158262 -57.672999      1
 46.459176   1.020163  12.352072      1
 58.913478  -4.477764  12.537159      1
 15.877635  14.710974 -20.853932      1
 17.965888  15.130893 -20.209926      1
 25.626413  10.466115 -27.648750      1
 23.999287   5.704116 -19.943953      1
 30.259971  10.655252 -32.053817      1
 22.190628   9.626868 -23.729450      1
 28.494671  -0.853116 -13.722669      1
 33.032208  -6.771919  -7.746727      1
 37.100240  -6.043191   0.545724      1
 44.411648  -6.456805   0.303945      1
 52.902313  -8.994450  -1.562146      1
 39.296372  -6.519695 -11.478101      1
 45.609538  -8.395019 -14.597613      1
 33.518024  -1.200614 -19.002848      1
 39.223455  -3.768540 -23.475365      1
 29.928577   3.484445 -23.775330      1
 36.357426   2.120790 -28.182043      1
 62.730984  -6.420915 -48.226070      1
 69.723368 -14.425970 -34.039341      1
 66.228562 -10.630856 -43.762328      1
 69.518925 -13.422089 -39.290538      1
 65.077588  -9.551192 -48.184405      1
 56.497531  -2.040168 -45.089093      1
 66.822281 -14.300572 -28.322212      1
 58.539117  -6.056726 -42.696732      1
 60.067181  -9.207306 -38.973567      1
 62.506955 -11.757212 -33.267665      1
 49.064754   2.307339 -40.465332      1
 53.204695  -8.045352 -33.222082      1
 56.535850 -11.396527 -26.520243      1
 63.521924 -14.168585 -17.174188      1
 51.664136  -2.979599 -37.276781      1
 58.021718 -11.749689  -8.888326      1
 51.210675 -11.207899 -19.388474      1
 45.608388  -6.983383 -27.414309      1
 43.836873  -0.814719 -32.401676      1
 39.200821   7.027148 -35.866471      1
 24.432190 -14.003818  10.617219      1
 46.253817 -16.602365  17.798927      1
 55.572491  -3.921518  17.857736      1
 40.941145  -1.505052  13.189040      1
 34.643553 -23.966365  17.408780      1
 48.834014  -0.230619  16.219329      1
 42.366344 -30.186295 -29.177742      1
 51.953076 -30.165080 -38.252644      1
 33.060478 -28.522225 -18.939027      1
 60.249531 -27.424531 -43.340818      1
 24.801223 -26.246248  -7.099569      1
 12.214736 -25.853421 -21.429084      1
 -9.406508 -17.132918 -26.598917      1
 -8.245637  -2.691420 -35.212968      1
 11.838490   7.040267 -43.227358      1
 36.611206  -0.898885 -51.339145      1
 23.988320   4.150502 -47.526210      1
 46.802097  -6.624111 -56.571707      1
  0.200878   7.419369 -31.382300      1
 57.022485 -15.592862 -61.594069      1
 64.018861 -23.655110 -62.348955      1
 68.437761 -23.852014 -54.092707      1
  3.947758   7.034697 -36.702707      1
  7.897549 -22.545503 -12.109422      1
 62.166696 -26.477458 -36.926627      1
 31.666702  -7.305310   9.640768      1
 62.551340  24.897084 -40.970231      1
 83.439377   4.499326  -4.601639      1
 79.461570  29.900852 -18.260853      1
 53.903744  12.874854 -39.598566      1
 70.551445  32.681242 -32.378300      1
 71.896328  36.969453 -10.494397      1
 41.237565  21.720209 -35.871377      1
 60.196660  42.474902 -22.308320      1
 75.736188  11.394448   6.054079      1
 69.818409  15.266362 -47.056337      1
 88.291953  -0.853403 -16.535113      1
 85.198701  20.170867 -26.127616      1
 62.866098   4.718192 -43.222766      1
 77.565114  23.112400 -38.739660      1
 84.440527  17.123177 -10.253631      1
 76.985698  25.839609   0.395465      1
 90.687910   9.616728 -20.100680      1
 52.182053  35.140180 -35.021155      1
 77.751064   4.324514 -49.354600      1
 90.480996  -4.272333 -29.850830      1
 88.060628  11.502949 -33.382671      1
 71.367194  -4.151008 -49.043486      1
 84.810755   9.589777 -44.391796      1
 91.799132   3.679812 -32.225567      1
 80.529602 -11.521022 -56.543181      1
 86.388674  -7.361058 -52.789150      1
 90.038013  -7.785341 -41.705533      1
 87.847510 -10.957061 -49.343088      1
 91.680834  -2.988100 -45.618958      1
 82.075207  -9.358660 -30.141972      1
 74.453398  -5.387844  -4.808874      1
 69.035752  -1.120854   4.705938      1
 80.889346  -9.158182 -15.619467      1
 70.743284 -25.742402 -33.812337      1
 64.124934 -28.349206 -12.908750      1
 46.174755 -19.712245 -65.851007      1
 49.900730 -32.246194 -21.324074      1
 69.782128 -27.461440 -45.016895      1
  8.708002 -12.196962 -52.441685      1
 59.864551 -27.070259  -0.495071      1
 43.573151 -30.848806  -8.577583      1
 22.295133 -30.945785 -31.542216      1
 68.155601 -27.485310 -22.927397      1
 57.806699 -32.413551 -31.450834      1
 22.726264 -14.524044 -56.313923      1
 57.152855 -30.717130 -52.582532      1
 46.730380 -33.666268 -46.527741      1
 35.649000 -15.721057 -63.180848      1
 45.308811   7.855773 -44.530208      1
 54.697679   0.052425 -49.897314      1
 33.973619  15.443394 -41.527493      1
 64.300399 -10.744758 -57.009339      1
 33.582408 -33.146672 -39.620286      1
 70.748555 -16.738622 -10.387412      1
  4.914293 -27.437191 -49.078605      1
 64.869638 -12.826487   1.052171      1
 37.068233 -28.623923 -60.421421      1
 73.921885 -17.418849 -21.838789      1
 49.228231 -28.468797 -64.853016      1
 21.804252 -27.433532 -53.971723      1
 77.348006 -20.525339 -55.111274      1
 74.377403 -19.621823 -61.927616      1
 15.555633  -3.748564  -6.715569      1
 29.323561  17.648488   7.667777      1
 36.716822  20.288340  11.612906      1
 22.135719  17.865687  -2.040754      1
 17.553326  10.736728 -14.187898      1
 30.041773  16.340313   7.442475      1
 40.674832  15.698006  17.777504      1
 43.640459   6.243773  19.165513      1
 17.561837   3.232234  -7.838920      1
 22.642169  16.790354   1.149457      1
 30.678066  18.045533  10.946902      1
 39.672218  16.606350  19.608147      1
 40.858701   5.769982  16.698813      1
 25.797656   6.999550   3.944414      1
 22.321976   6.608782  -3.636617      1
 41.022664   4.604531  10.398090      1
 29.566090   0.067622   1.784392      1
 11.030825  -8.231918  -7.313572      1
 31.055598   0.375808  23.107481      1
 36.381483   5.220592  19.286322      1
 18.022981 -14.249790  -1.459702      1
 50.746301   4.784479  20.291604      1
 29.640818  -1.049582   5.341066      1
 21.812290  14.634532  -4.587924      1
 19.913560  10.734932 -12.538350      1
 20.980885   2.537835  -5.118504      1
 27.273127  -4.611643   0.784282      1
 48.679808   6.369760  15.069859      1
 35.130431  -3.237595   7.454415      1
 47.546788   2.645395  14.794955      1
 42.338206  20.897980  12.494312      1
 48.799980  14.372887  16.233775      1
 19.523120  21.770223  -6.461730      1
 15.596125  16.540829 -19.893782      1
 17.448992  20.299276 -14.401446      1
 16.838033  17.109743 -19.632743      1
 10.864046  15.696575 -26.235294      1
 20.005090  28.789162  -9.070007      1
 16.286625  19.116925 -28.729653      1
 19.815091  25.290676 -24.650244      1
 54.998041  -1.572746  23.597162      1
 45.734727  24.928237  12.019644      1
 64.266840  19.520560  15.115177      1
 61.919893   5.741829  14.000815      1
 61.126712  -2.883610  14.151157      1
 22.825897  33.392642 -10.587835      1
 38.070694  42.773431  -4.493664      1
 43.673469  41.801067   1.160491      1
 65.162453  33.539657   8.706832      1
 60.572479  43.776688  -2.070892      1
 49.838796  46.173157 -13.160562      1
 27.401572  27.260850 -31.334890      1
 28.216737  38.095022  -9.477499      1
 48.850683  35.324416   8.699654      1
 39.041752  39.991038 -21.864253      1
 -9.777448   0.975959 -30.644892      1
 -4.302023  -6.696195 -45.824299      1
  5.764175 -23.206338 -10.296176      1
  0.969583 -12.607578 -13.597614      1
 20.828960  20.561797 -37.137491      1
-10.770448 -25.765344 -41.623560      1
-11.501810  -7.831420 -19.140828      1
 40.048254 -10.665686  29.255129      1
 52.678829 -22.988024  10.305830      1
 38.021929 -28.823961   1.690391      1
 28.930625  -5.294649  27.479211      1
 48.910221  -8.099396  28.894942      1
 23.120779 -13.380614  10.492224      1
 39.682972  -1.336215  12.044717      1
 31.113743  -5.663668   9.521095      1
 49.298827   1.302286  16.505914      1
 47.226504 -19.018287  19.283840      1
 58.308862  -3.351983  18.502236      1
 34.623171 -26.213468  18.433668      1
 17.894022 -22.792166  11.564239      1
-11.737860  -2.478613 -36.356013      1
-12.721041 -17.600046 -25.122292      1
 10.401002 -29.743126 -22.073583      1
 24.294307 -29.014264  -6.736273      1
 32.581134 -31.065924 -18.794685      1
 41.804046 -33.036336 -29.608282      1
 51.820615 -32.862482 -38.436114      1
 76.339911 -16.443983 -43.261877      1
 60.081209 -30.752421 -44.505757      1
 81.551056 -10.829018 -41.592643      1
 82.129938 -14.951213 -51.101922      1
 74.117622 -15.767814 -32.610504      1
 21.223966   5.567303 -50.486089      1
  8.824146   8.376609 -46.445954      1
 34.630285   0.004901 -53.515796      1
 44.580741  -5.625260 -58.498423      1
 56.663771 -15.847269 -63.121057      1
 68.490921 -26.551970 -55.680492      1
 63.616833 -26.427365 -65.226359      1
 -1.350476   8.578258 -32.814408      1
  1.884358   8.334157 -38.703642      1
 61.950421 -29.440289 -37.655020      1