         x          y          z  Frame
 60.201797  -8.404503 -43.666524      1
  4.634462  23.022117 -13.689809      1
  6.489520  24.572576 -15.668852      1
 14.666692  29.083201 -18.274087      1
 25.223916  32.261972 -13.978964      1
  5.424064  19.318722   3.714955      1
 38.942027  23.196684  -7.662209      1
 32.791361  25.269808 -17.257426      1
 43.281243   4.038709 -35.725242      1
 66.004771  -9.712338 -29.912886      1
 62.104690 -13.846550 -39.016321      1
 61.181014  -2.324112 -13.698873      1
 64.776905  -5.688427 -35.244565      1
 53.496077   6.325445 -27.248234      1
 54.631496 -10.092737 -45.309494      1
 36.178144  -0.741248 -37.949101      1
 25.384985  28.847199 -26.537248      1
 63.546401 -13.882582 -33.787360      1
 63.769855  -7.337581 -39.820341      1
 47.688127   7.658281 -33.307250      1
 12.162305  20.791434   0.300703      1
 -0.891958  17.454154  -6.466779      1
  4.328076  19.377278   5.215990      1
 15.986410  17.831686   8.737769      1
 -6.340084  16.971259   4.161727      1
  1.830314  20.060377  12.803159      1
 11.766832  18.758767  16.065871      1
 16.048352   8.306258  14.581781      1
 -0.793452   8.382629   4.795301      1
  0.692593   7.763047  -4.081959      1
 19.312099   8.176528   4.173235      1
  7.981870   1.771759  -0.946753      1
 18.873164  25.371583  -2.892987      1
 39.837024  15.452505   2.582403      1
 10.089607   0.042998   5.959952      1
 47.303980  19.930631 -24.363968      1
 24.127266   4.324154 -35.358803      1
 38.119562  17.249524 -29.585098      1
 52.056342   6.981279  -4.628533      1
 51.994204  -4.323477 -39.039194      1
 62.666993  -7.177083 -23.577162      1
 60.827514  -1.410858 -32.191533      1
 46.377268  -6.546560 -41.049876      1
 56.019361  -3.214164 -34.202982      1
  7.070431  15.950631 -36.946596      1
  0.692670  16.236520  -9.343843      1
  2.045773  18.267992 -29.574272      1
 39.695423   7.188642   6.913860      1
 26.693631   9.136967   3.622512      1
 10.779189  25.821525 -15.535993      1
 67.737832  -7.903095 -33.404071      1
 59.058325   3.075543 -20.974832      1
 23.080999  27.402778  -2.506143      1
 60.703156 -12.358436 -43.329349      1
 65.692596 -11.251786 -45.417003      1
 51.436996  14.172512 -13.105403      1
 63.895414  -3.772620 -26.807174      1
 63.117253 -12.701157 -28.382120      1
 55.095084  -9.003771  -9.236746      1
 48.428087  -2.218975   0.978633      1
 59.805565 -10.683421 -20.634161      1
 17.795136  24.298883   0.121438      1
 27.078303  16.436531   2.216578      1
  1.558922  20.600323 -11.662105      1
 -0.737256  20.196572 -17.132408      1
 30.762801  14.367607 -35.255225      1
 17.733794  25.403468 -31.306623      1
 66.132876 -11.756791 -35.871394      1
 68.332682 -13.426298 -39.657747      1
 68.761024 -10.314611 -39.396470      1
 13.405364   5.246365 -29.202237      1
  6.133648   8.542518 -18.240275      1
  7.570129   8.233766 -25.881914      1
  2.760128  10.990526 -22.004998      1
 11.458252   3.748616 -12.722590      1
 21.097361   6.333388  -3.437757      1
 16.934581   3.895771  -7.728673      1
 36.472951  -2.006047  -1.231989      1
 27.939899   5.471614  -3.849439      1
 23.957045   0.958244 -10.061674      1
 31.166992  -1.789989 -12.369043      1
 17.568745   2.172708 -16.964413      1
 25.468637  -2.886951 -19.191542      1
 13.296585   2.997232 -22.093762      1
 19.190427   0.505837 -26.241123      1
 56.031530 -11.360962 -33.189800      1
 48.998999 -10.255531 -40.763623      1
 58.025626 -14.392456 -30.611781      1
 53.360508 -10.117943 -38.318638      1
 58.932606 -13.811348 -26.931833      1
 42.541263  -6.751252 -38.499213      1
 55.029404 -14.003318 -21.815769      1
 50.964567 -13.829877 -25.830533      1
 47.905903  -9.885767 -29.902543      1
 44.861880  -8.315044 -34.106383      1
 33.261632  -2.807419 -35.140232      1
 40.293824  -8.627557 -26.505064      1
 43.109611 -13.355901 -21.037392      1
 48.888988 -13.297170 -12.882084      1
 36.378920  -5.377158 -30.848786      1
 43.137665  -6.885442  -6.509749      1
 37.175186  -9.235166 -15.297624      1
 32.944766  -5.018316 -22.813279      1
 28.073186  -3.498116 -28.237434      1
 22.868925   0.362762 -33.876719      1
 54.908272 -21.605443 -23.667936      1
 -5.719444  -2.664202  -2.764876      1
-27.030844  -1.510109 -25.430456      1
-13.387728  13.089718 -27.487360      1
-19.049799 -12.388889 -34.363555      1
 45.822486 -20.396334  -8.330121      1
 35.979831 -23.499268 -48.340071      1
 -6.861355  13.849139 -29.845109      1
 38.897789 -30.176978  -9.278065      1
 -4.332905  11.836166 -15.597149      1
 16.788129  -8.671378  27.143646      1
 27.914296  -1.664332  28.006646      1
 18.227215   1.566631  21.691928      1
 -3.998286   5.108102  -6.150588      1
 11.910137 -15.966444  11.534880      1
 35.355870 -15.169746  12.421639      1
-18.380422  -8.193395  -5.762269      1
 54.186342 -22.821113 -30.782246      1
-10.696321  -6.167821  -1.119035      1
 13.535848  -6.089466  24.545094      1
 14.787985  -3.430780  22.045023      1
  4.366540 -13.396934   2.023526      1
 24.026338 -22.598626  10.608745      1
 14.297726  -7.619539  25.132930      1
 20.738402  -7.354467  29.007656      1
 22.465425   4.757273  24.990426      1
 -3.302584 -18.362545 -41.575042      1
 41.341467 -18.365623   3.728276      1
 30.972396 -27.994959   3.221275      1
  8.722776 -29.308322 -16.031636      1
 51.213031 -21.228818 -16.254920      1
 44.850563 -27.428746 -19.217390      1
 13.717589 -19.550748 -42.195210      1
 43.996042 -24.822877 -35.534343      1
 36.057115 -33.021233 -30.989708      1
 26.221748 -21.601918 -45.063384      1
 -1.329822  10.440278 -13.870951      1
 28.049347  -8.150603 -37.816492      1
 39.259316 -11.892240 -42.604897      1
 13.482334  -1.268930 -35.781890      1
 -0.622109   8.511193 -34.579496      1
 49.798823 -14.767475 -47.114255      1
 22.539247 -31.852321 -23.192694      1
  0.555801   1.765399  -4.663886      1
  9.366203  -5.498667   0.212109      1
 60.629752 -17.810639 -26.903198      1
-24.254890 -26.155874 -29.474424      1
 51.899697 -17.044086  -7.781888      1
-27.252129  -7.708423 -16.657949      1
 58.948398 -17.794642 -39.314720      1
 61.280507 -18.793213 -31.478114      1
 -5.883066 -30.026326 -33.529678      1
 45.711333  -9.728601   2.260878      1
 28.181117 -28.561365 -42.555201      1
 56.711428 -17.092443 -18.039030      1
 40.135846 -26.696381 -44.956697      1
 18.341162  -3.093501   5.698383      1
 13.301227 -27.881613 -37.165724      1
 57.716731 -16.339774 -46.175563      1
 26.203151   5.192987  10.107116      1
 40.275521  -0.183942  12.806442      1
 -8.048179  14.695588 -22.645851      1
 -5.300669  14.418509 -22.354074      1
  3.353825   3.274236 -28.011580      1
  3.189246   2.587389 -18.969219      1
  7.131951  -1.209711 -32.336488      1
  0.016930   5.780104 -23.728130      1
  9.875261  -1.089686 -11.818208      1
 15.595479  -4.371004  -5.440527      1
 19.552571  -3.329054   1.276477      1
 26.256246  -3.761143   0.966604      1
 33.642080  -9.936476   0.663723      1
 21.586240  -4.312016  -8.869868      1
 28.394620  -9.877551 -10.616874      1
 15.181985  -3.303436 -16.300774      1
 20.870102  -8.201673 -20.167433      1
  9.776572  -2.161237 -21.903874      1
 16.535047  -6.172461 -26.010297      1
 47.345652 -12.655502 -41.374928      1
 55.570330 -18.757776 -25.793497      1
 52.698970 -16.632595 -34.162969      1
 55.259498 -18.282161 -29.715342      1
 50.669292 -13.284021 -39.496421      1
 38.382153 -12.998393 -40.548111      1
 51.816818 -18.945377 -21.392429      1
 42.613103 -13.833067 -36.464665      1
 44.754816 -16.859742 -31.173681      1
 48.244313 -18.219403 -25.780988      1
 28.836902 -10.282413 -37.626253      1
 36.411958 -16.300968 -27.307396      1
 40.536853 -18.564263 -20.624834      1
 46.252078 -21.471597 -11.423507      1
 33.639279 -11.563608 -32.445335      1
 41.725160 -14.489065  -4.797551      1
 34.194425 -15.890080 -14.226400      1
 28.489776 -12.912517 -22.763400      1
 24.908817  -8.010321 -28.784971      1
 17.032530  -7.387281 -35.006903      1
 13.357500 -13.370393  11.965609      1
 25.990391 -10.992536  20.798031      1
 36.345658   1.196763  21.852380      1
 21.033151  -0.201356  14.387422      1
 18.868766 -15.502500  18.873904      1
 27.894582   3.969930  17.043172      1
 30.334914 -33.710776 -14.855513      1
 39.576113 -31.227023 -23.687229      1
 19.223869 -26.635480  -6.873739      1
 46.498836 -25.838431 -29.365792      1
 10.295491 -21.940323   1.900676      1
 -4.387052 -23.077090  -7.653577      1
-24.906319 -16.218091 -18.432291      1
-26.000247  -7.012672 -29.058311      1
 -7.888529  -1.602068 -34.868404      1
 21.953221 -13.366985 -37.195090      1
  6.584646  -7.960308 -35.643371      1
 33.091072 -16.881063 -42.908822      1
-24.057896   6.505372 -28.431861      1
 44.056284 -19.646990 -49.377761      1
 50.689398 -21.774420 -46.555873      1
 53.009176 -20.767440 -38.756012      1
-19.207128   3.341985 -31.535735      1
 -8.140015 -15.801775  -1.839558      1
 48.132857 -24.405767 -24.570168      1
 17.218478  -8.085048  11.099957      1
 40.932897   5.462019 -40.858281      1
 65.344478  -1.228478  -9.281514      1
 58.089615  11.110014 -28.860477      1
 33.755826   0.195640 -42.196490      1
 48.715159  10.807362 -37.984164      1
 49.977327  22.658279 -24.164529      1
 19.893269   7.063485 -40.531058      1
 37.949605  23.101609 -34.610937      1
 56.724159   9.006177   0.785976      1
 50.506851  -2.686376 -43.288141      1
 68.951820  -7.249353 -20.359422      1
 63.523417   1.454321 -32.119403      1
 44.293318  -5.724286 -45.592820      1
 57.250444   1.077572 -39.968691      1
 64.086689   5.562860 -18.587220      1
 55.389142  17.928361 -10.655281      1
 69.709611  -2.881703 -26.058341      1
 29.163471  15.820534 -39.787681      1
 59.648321  -7.749502 -47.018597      1
 71.737019 -10.878177 -29.877963      1
 68.414349  -4.194717 -36.430907      1
 54.713834  -9.827342 -49.578445      1
 66.259220  -6.652172 -43.485303      1
 73.104880  -7.914462 -34.185011      1
 64.791058 -13.042776 -48.434958      1
 69.323775 -12.102333 -47.313519      1
 72.894599 -12.845763 -37.420153      1
 71.681723 -14.171637 -42.201192      1
 74.056952 -10.986941 -42.970855      1
 68.271686 -13.769308 -27.035811      1
 59.749288  -8.685396  -4.665397      1
 52.776438  -0.906321   5.749366      1
 64.634078 -11.866856 -16.241864      1
 56.603039 -22.645451 -23.267206      1
 48.063595 -21.856553  -6.496824      1
 35.346909 -23.562683 -50.312747      1
 39.172874 -32.376762  -7.989584      1
 55.792365 -24.188402 -30.817673      1
 -6.550044 -18.466822 -44.183799      1
 43.515257 -20.532979   5.833340      1
 31.232522 -29.922619   4.533201      1
  8.320142 -32.185164 -15.745480      1
 52.838259 -22.389789 -14.794554      1
 45.342222 -29.800963 -18.260219      1
 10.821010 -19.434659 -45.149048      1
 44.831098 -28.348206 -35.808967      1
 36.034523 -35.465822 -30.494360      1
 24.178444 -21.499520 -47.414141      1
 25.785835  -8.579327 -39.390521      1
 37.632685 -12.464592 -44.082621      1
 11.570587  -1.969016 -36.611568      1
 49.354414 -15.272663 -49.215372      1
 22.379696 -34.615823 -23.474174      1
 53.571829 -18.375012  -6.219276      1
 -8.992924 -31.842651 -35.518578      1
 48.099754 -10.860080   4.018435      1
 27.214333 -30.319649 -44.151115      1
 58.903352 -19.052042 -16.448451      1
 39.449277 -28.589521 -46.962112      1
 11.323449 -29.580146 -38.493345      1
 61.838978 -19.563883 -40.746413      1
 59.681649 -17.935276 -48.910883      1
 -6.803432  -2.264347  -1.526343      1
  1.900377  22.211212   7.948304      1
 11.261986  23.405153   5.769676      1
 -3.055741  19.556654  -4.496173      1
 -5.452572  13.088859 -14.362341      1
  2.594907  21.290780   8.058161      1
 15.597010  18.674235  12.558126      1
 16.852676   2.678159  21.096586      1
 -4.377541   5.231718  -4.693700      1
 -9.847330  19.388325   2.589132      1
  0.595900  22.330344  12.975787      1
 13.334480  19.233025  17.402732      1
 18.266709   7.376667  15.549299      1
 -1.860785   6.552992   4.767529      1
 -1.276364   7.074010  -3.221018      1
 20.250426   7.676940   6.017146      1
  9.616364  -0.650811   2.035274      1
-11.587855  -5.872534   0.176738      1
 11.938855  -6.185849  24.029308      1
 13.723590  -2.751730  21.877158      1
  2.419729 -13.254929   3.212247      1
 24.543590   5.806300  23.889187      1
  9.625862  -2.809064   6.315926      1
 -3.242856  16.001299  -6.909118      1
 -2.705040  12.454780 -12.826282      1
 -0.586753   2.953305  -3.557534      1
  8.991954  -4.579229   1.966578      1
 26.506749  10.962745   9.342240      1
 17.200706  -2.320738   7.731909      1
 26.178663   6.850306  12.976108      1
 16.866822  24.867751   4.838517      1
 25.444331  18.756624   7.113726      1
 -4.309520  21.642683 -10.643643      1
 -8.986682  16.611632 -22.227890      1
 -6.663491  20.702871 -18.103017      1
 -7.348934  16.693924 -22.518850      1
-14.925908  14.947892 -27.659447      1
 -2.969923  25.844664 -15.621932      1
 -8.795677  15.104082 -31.029576      1
 -5.335023  20.917130 -30.723664      1
 30.813516  -1.132217  27.271206      1
 21.164895  27.083408   3.293633      1
 42.495394  19.065581   6.932354      1
 42.498198   9.156854  12.464329      1
 42.051887   1.356055  14.758815      1
  1.805962  26.823592 -18.728166      1
 16.178908  34.424459 -18.865035      1
 21.748435  35.041979 -12.310181      1
 40.262715  26.397152  -4.490139      1
 34.965123  31.733648 -17.490627      1
 23.683875  33.389406 -28.955627      1
  2.283992  18.997803 -39.548469      1
  6.573307  29.561214 -20.200016      1
 24.119441  32.805199  -2.891999      1
 14.138204  29.016210 -34.763597      1
-30.428169  -1.661696 -26.974056      1
-22.232860 -12.834489 -36.983854      1
 -9.828175 -15.799303  -0.160174      1
-20.080716  -7.793027  -4.172847      1
 -3.743293   8.823256 -35.295000      1
-27.797212 -27.979472 -30.845563      1
-30.363558  -7.284112 -15.266683      1
 17.011274  -9.516075  28.094974      1
 35.798637 -17.010542  14.902939      1
 24.109198 -24.825674  11.403175      1
 13.062309  -7.886965  25.068277      1
 21.527966  -8.354355  29.987386      1
 11.653104 -13.196432  11.985942      1
 19.902272  -0.449461  12.850488      1
 15.495887  -7.065813  11.167381      1
 27.347150   5.049421  16.988226      1
 26.143009 -13.228033  22.257980      1
 38.758030   1.689838  22.772361      1
 18.874733 -16.662580  19.972956      1
 10.583628 -16.850474  11.675778      1
-29.806420  -6.898585 -30.463801      1
-28.023618 -16.185703 -17.544109      1
 -5.884947 -25.833399  -7.423514      1
 10.072648 -23.874233   3.006334      1
 19.354933 -28.734397  -6.191436      1
 30.483488 -35.526634 -14.673834      1
 40.197688 -33.237715 -23.272663      1
 63.916542 -19.608121 -32.106764      1
 47.285658 -28.336893 -29.376028      1
 68.221521 -14.845658 -33.966385      1
 67.638121 -15.576086 -40.921457      1
 62.673901 -19.115162 -24.522446      1
  3.763251  -7.189861 -38.569646      1
-11.647166  -0.787072 -37.999037      1
 19.905796 -12.755730 -39.395718      1
 31.312567 -16.573742 -44.534950      1
 44.017313 -19.843353 -51.065696      1
 53.775099 -22.323982 -39.274290      1
 51.220580 -23.494918 -48.247056      1
-26.238263   7.357322 -29.786894      1
-21.707749   4.247236 -33.471105      1
 49.040380 -26.847820 -24.180457      1